200000001 100000001 300000001 300000002 300000003 300000004       0.0000       0.0000 6371000.0000 2438076.1476       0.0000 5886036.5016       0.0000 2438076.1476 5886036.5016   3210275.5092526884     198.327398055609     135.609693538130
200000002 100000001 300000005 300000006 300000007 300000008 4504977.3029       0.0000 4504977.3029 2600949.8585 2600949.8585 5201899.7171 2438076.1476       0.0000 5886036.5016   3425259.1202496416     219.414443019934     118.610532848047
200000003 100000001 300000009 300000010 300000011 300000012       0.0000 4504977.3029 4504977.3029       0.0000 2438076.1476 5886036.5016 2600949.8585 2600949.8585 5201899.7171   3425259.1202496416     212.097732619153     133.502934746946
200000004 100000001 300000013 300000014 300000015 300000016 2438076.1476       0.0000 5886036.5016 2600949.8585 2600949.8585 5201899.7171       0.0000 2438076.1476 5886036.5016   3733064.4033953245     206.551955421304     135.610974645261
200000005 100000002 300000017 300000018 300000019 300000020 6371000.0000       0.0000       0.0000 5886036.5016 2438076.1476       0.0000 5886036.5016       0.0000 2438076.1476   3210275.5094172969     232.701573088620     125.599404348973
200000006 100000002 300000021 300000022 300000023 300000024 4504977.3029 4504977.3029       0.0000 5201899.7171 2600949.8585 2600949.8585 5886036.5016 2438076.1476       0.0000   3425259.1202851152     252.564313170642     118.597756947792
200000007 100000002 300000025 300000026 300000027 300000028 4504977.3029       0.0000 4504977.3029 5886036.5016       0.0000 2438076.1476 5201899.7171 2600949.8585 2600949.8585   3425259.1202802844     260.308844702353     129.802856217631
200000008 100000002 300000029 300000030 300000031 300000032 5886036.5016 2438076.1476       0.0000 5201899.7171 2600949.8585 2600949.8585 5886036.5016       0.0000 2438076.1476   3733064.4034788366     274.526087848952     135.254419129506
200000009 100000003 300000033 300000034 300000035 300000036       0.0000 6371000.0000       0.0000       0.0000 5886036.5016 2438076.1476 2438076.1476 5886036.5016       0.0000   3210275.5094172969     252.660107654733      82.278086115098
200000010 100000003 300000037 300000038 300000039 300000040       0.0000 4504977.3029 4504977.3029 2600949.8585 5201899.7171 2600949.8585       0.0000 5886036.5016 2438076.1476   3425259.1202802844     249.827939702101     122.584464573650
200000011 100000003 300000041 300000042 300000043 300000044 4504977.3029 4504977.3029       0.0000 2438076.1476 5886036.5016       0.0000 2600949.8585 5201899.7171 2600949.8585   3425259.1202850975     285.170480428549      58.873710234541
200000012 100000003 300000045 300000046 300000047 300000048       0.0000 5886036.5016 2438076.1476 2600949.8585 5201899.7171 2600949.8585 2438076.1476 5886036.5016       0.0000   3733064.4034788725     284.177302699898      73.763096287623
200000013 100000004 300000049 300000050 300000051 300000052 4504977.3029       0.0000 4504977.3029 5201899.7171 2600949.8585 2600949.8585 2600949.8585 2600949.8585 5201899.7171   5358844.4235249758     233.124392162400     118.368418204438
200000014 100000004 300000053 300000054 300000055 300000056 4504977.3029 4504977.3029       0.0000 2600949.8585 5201899.7171 2600949.8585 5201899.7171 2600949.8585 2600949.8585   5358844.4235538710     283.561217417313     105.196878277428
200000015 100000004 300000057 300000058 300000059 300000060       0.0000 4504977.3029 4504977.3029 2600949.8585 2600949.8585 5201899.7171 2600949.8585 5201899.7171 2600949.8585   5358844.4235249944     232.795420190691     127.085749600454
200000016 100000004 300000061 300000062 300000063 300000064 5201899.7171 2600949.8585 2600949.8585 2600949.8585 5201899.7171 2600949.8585 2600949.8585 2600949.8585 5201899.7171   6299951.2584510250     246.908417403522     123.081888800076
200000017 100000005 300000065 300000066 300000067 300000068       0.0000       0.0000 6371000.0000       0.0000 2438076.1476 5886036.5016 -2438076.1476       0.0000 5886036.5016   3210275.5092526884     193.339843257101     150.956393202589
200000018 100000005 300000069 300000070 300000071 300000072       0.0000 4504977.3029 4504977.3029 -2600949.8585 2600949.8585 5201899.7171       0.0000 2438076.1476 5886036.5016   3425259.1202496053     203.041553147860     139.227586746262
200000019 100000005 300000073 300000074 300000075 300000076 -4504977.3029       0.0000 4504977.3029 -2438076.1476       0.0000 5886036.5016 -2600949.8585 2600949.8585 5201899.7171   3425259.1202496416     206.004800820657     151.265575233961
200000020 100000005 300000077 300000078 300000079 300000080       0.0000 2438076.1476 5886036.5016 -2600949.8585 2600949.8585 5201899.7171 -2438076.1476       0.0000 5886036.5016   3733064.4033953426     197.724136708505     147.642252991632
200000021 100000006 300000081 300000082 300000083 300000084       0.0000 6371000.0000       0.0000 -2438076.1476 5886036.5016       0.0000       0.0000 5886036.5016 2438076.1476   3210275.5094172969     239.666535399919      94.800498310109
200000022 100000006 300000085 300000086 300000087 300000088 -4504977.3029 4504977.3029       0.0000 -2600949.8585 5201899.7171 2600949.8585 -2438076.1476 5886036.5016       0.0000   3425259.1202851152     250.568522516050      88.103260119130
200000023 100000006 300000089 300000090 300000091 300000092       0.0000 4504977.3029 4504977.3029       0.0000 5886036.5016 2438076.1476 -2600949.8585 5201899.7171 2600949.8585   3425259.1202802844     224.917875783022     154.929170673268
200000024 100000006 300000093 300000094 300000095 300000096 -2438076.1476 5886036.5016       0.0000 -2600949.8585 5201899.7171 2600949.8585       0.0000 5886036.5016 2438076.1476   3733064.4034788366     256.182579567121     104.948366479595
200000025 100000007 300000097 300000098 300000099 300000100 -6371000.0000       0.0000       0.0000 -5886036.5016       0.0000 2438076.1476 -5886036.5016 2438076.1476       0.0000   3210275.5094172969     247.538967323012      93.308559409072
200000026 100000007 300000101 300000102 300000103 300000104 -4504977.3029       0.0000 4504977.3029 -5201899.7171 2600949.8585 2600949.8585 -5886036.5016       0.0000 2438076.1476   3425259.1202802844     239.542153703400     117.400429568670
200000027 100000007 300000105 300000106 300000107 300000108 -4504977.3029 4504977.3029       0.0000 -5886036.5016 2438076.1476       0.0000 -5201899.7171 2600949.8585 2600949.8585   3425259.1202851152     243.694867505724      94.784112026137
200000028 100000007 300000109 300000110 300000111 300000112 -5886036.5016       0.0000 2438076.1476 -5201899.7171 2600949.8585 2600949.8585 -5886036.5016 2438076.1476       0.0000   3733064.4034788003     269.003099170961      76.742358187044
200000029 100000008 300000113 300000114 300000115 300000116       0.0000 4504977.3029 4504977.3029 -2600949.8585 5201899.7171 2600949.8585 -2600949.8585 2600949.8585 5201899.7171   5358844.4235249758     224.510068971663     125.092408858206
200000030 100000008 300000117 300000118 300000119 300000120 -4504977.3029 4504977.3029       0.0000 -5201899.7171 2600949.8585 2600949.8585 -2600949.8585 5201899.7171 2600949.8585   5358844.4235538710     265.374049836227      82.599819819508
200000031 100000008 300000121 300000122 300000123 300000124 -4504977.3029       0.0000 4504977.3029 -2600949.8585 2600949.8585 5201899.7171 -5201899.7171 2600949.8585 2600949.8585   5358844.4235249944     214.820373144680     144.920866972679
200000032 100000008 300000125 300000126 300000127 300000128 -2600949.8585 5201899.7171 2600949.8585 -5201899.7171 2600949.8585 2600949.8585 -2600949.8585 2600949.8585 5201899.7171   6299951.2584510613     228.598948073906     129.678896725713
200000033 100000009 300000129 300000130 300000131 300000132       0.0000       0.0000 6371000.0000 -2438076.1476       0.0000 5886036.5016       0.0000 -2438076.1476 5886036.5016   3210275.5092476774     191.834192651327     153.375771816304
200000034 100000009 300000133 300000134 300000135 300000136 -4504977.3029       0.0000 4504977.3029 -2600949.8585 -2600949.8585 5201899.7171 -2438076.1476       0.0000 5886036.5016   3425259.1200978314     210.287974814999     137.641952545901
200000035 100000009 300000137 300000138 300000139 300000140       0.0000 -4504977.3029 4504977.3029       0.0000 -2438076.1476 5886036.5016 -2600949.8585 -2600949.8585 5201899.7171   3425259.1202496053     208.226010642349     146.095844583110
200000036 100000009 300000141 300000142 300000143 300000144 -2438076.1476       0.0000 5886036.5016 -2600949.8585 -2600949.8585 5201899.7171       0.0000 -2438076.1476 5886036.5016   3733064.4032572322     201.757079066079     153.829845477181
200000037 100000010 300000145 300000146 300000147 300000148 -6371000.0000       0.0000       0.0000 -5886036.5016 -2438076.1476       0.0000 -5886036.5016       0.0000 2438076.1476   3210275.5090856110     254.571483713628      88.240896011757
200000038 100000010 300000149 300000150 300000151 300000152 -4504977.3029 -4504977.3029       0.0000 -5201899.7171 -2600949.8585 2600949.8585 -5886036.5016 -2438076.1476       0.0000   3425259.1202851152     252.685921453116      92.904483591575
200000039 100000010 300000153 300000154 300000155 300000156 -4504977.3029       0.0000 4504977.3029 -5886036.5016       0.0000 2438076.1476 -5201899.7171 -2600949.8585 2600949.8585   3425259.1199850640     242.480321783727     109.696443559080
200000040 100000010 300000157 300000158 300000159 300000160 -5886036.5016 -2438076.1476       0.0000 -5201899.7171 -2600949.8585 2600949.8585 -5886036.5016       0.0000 2438076.1476   3733064.4031454204     262.553364817123      81.772719319668
200000041 100000011 300000161 300000162 300000163 300000164       0.0000 -6371000.0000       0.0000       0.0000 -5886036.5016 2438076.1476 -2438076.1476 -5886036.5016       0.0000   3210275.5094172969     263.610422460509      80.431581792160
200000042 100000011 300000165 300000166 300000167 300000168       0.0000 -4504977.3029 4504977.3029 -2600949.8585 -5201899.7171 2600949.8585       0.0000 -5886036.5016 2438076.1476   3425259.1202802844     251.954577401262     111.420521900732
200000043 100000011 300000169 300000170 300000171 300000172 -4504977.3029 -4504977.3029       0.0000 -2438076.1476 -5886036.5016       0.0000 -2600949.8585 -5201899.7171 2600949.8585   3425259.1202851152     248.622711337543      99.843846610560
200000044 100000011 300000173 300000174 300000175 300000176       0.0000 -5886036.5016 2438076.1476 -2600949.8585 -5201899.7171 2600949.8585 -2438076.1476 -5886036.5016       0.0000   3733064.4034788725     264.196498512202      80.588402698270
200000045 100000012 300000177 300000178 300000179 300000180 -4504977.3029       0.0000 4504977.3029 -5201899.7171 -2600949.8585 2600949.8585 -2600949.8585 -2600949.8585 5201899.7171   5358844.4231734620     220.542438782720     132.474951725262
200000046 100000012 300000181 300000182 300000183 300000184 -4504977.3029 -4504977.3029       0.0000 -2600949.8585 -5201899.7171 2600949.8585 -5201899.7171 -2600949.8585 2600949.8585   5358844.4235538710     252.910481783756     108.069361474808
200000047 100000012 300000185 300000186 300000187 300000188       0.0000 -4504977.3029 4504977.3029 -2600949.8585 -2600949.8585 5201899.7171 -2600949.8585 -5201899.7171 2600949.8585   5358844.4235249944     227.867181526557     123.731515571456
200000048 100000012 300000189 300000190 300000191 300000192 -5201899.7171 -2600949.8585 2600949.8585 -2600949.8585 -5201899.7171 2600949.8585 -2600949.8585 -2600949.8585 5201899.7171   6299951.2584510613     241.782176652964     112.914077504069
200000049 100000013 300000193 300000194 300000195 300000196       0.0000       0.0000 6371000.0000       0.0000 -2438076.1476 5886036.5016 2438076.1476       0.0000 5886036.5016   3210275.5092526884     188.664465524912     147.752263149563
200000050 100000013 300000197 300000198 300000199 300000200       0.0000 -4504977.3029 4504977.3029 2600949.8585 -2600949.8585 5201899.7171       0.0000 -2438076.1476 5886036.5016   3425259.1202496053     204.743046764461     179.344032859391
200000051 100000013 300000201 300000202 300000203 300000204 4504977.3029       0.0000 4504977.3029 2438076.1476       0.0000 5886036.5016 2600949.8585 -2600949.8585 5201899.7171   3425259.1202496234     219.285186847094     120.269639738653
200000052 100000013 300000205 300000206 300000207 300000208       0.0000 -2438076.1476 5886036.5016 2600949.8585 -2600949.8585 5201899.7171 2438076.1476       0.0000 5886036.5016   3733064.4033953790     197.783501579215     156.213238449993
200000053 100000014 300000209 300000210 300000211 300000212       0.0000 -6371000.0000       0.0000 2438076.1476 -5886036.5016       0.0000       0.0000 -5886036.5016 2438076.1476   3210275.5094173145     243.209816356242     114.856352806051
200000054 100000014 300000213 300000214 300000215 300000216 4504977.3029 -4504977.3029       0.0000 2600949.8585 -5201899.7171 2600949.8585 2438076.1476 -5886036.5016       0.0000   3425259.1202851334     245.821138756096     107.666351590786
200000055 100000014 300000217 300000218 300000219 300000220       0.0000 -4504977.3029 4504977.3029       0.0000 -5886036.5016 2438076.1476 2600949.8585 -5201899.7171 2600949.8585   3425259.1202802304     252.067433031292     102.056370395420
200000056 100000014 300000221 300000222 300000223 300000224 2438076.1476 -5886036.5016       0.0000 2600949.8585 -5201899.7171 2600949.8585       0.0000 -5886036.5016 2438076.1476   3733064.4034788003     262.383457692015      89.654329573385
200000057 100000015 300000225 300000226 300000227 300000228 6371000.0000       0.0000       0.0000 5886036.5016       0.0000 2438076.1476 5886036.5016 -2438076.1476       0.0000   3210275.5094172969     240.723881694151     115.220268289840
200000058 100000015 300000229 300000230 300000231 300000232 4504977.3029       0.0000 4504977.3029 5201899.7171 -2600949.8585 2600949.8585 5886036.5016       0.0000 2438076.1476   3425259.1202802844     260.508467104862     108.033576722188
200000059 100000015 300000233 300000234 300000235 300000236 4504977.3029 -4504977.3029       0.0000 5886036.5016 -2438076.1476       0.0000 5201899.7171 -2600949.8585 2600949.8585   3425259.1202850975     256.476642109359      92.173132239278
200000060 100000015 300000237 300000238 300000239 300000240 5886036.5016       0.0000 2438076.1476 5201899.7171 -2600949.8585 2600949.8585 5886036.5016 -2438076.1476       0.0000   3733064.4034788725     272.856208771093      98.425318619396
200000061 100000016 300000241 300000242 300000243 300000244       0.0000 -4504977.3029 4504977.3029 2600949.8585 -5201899.7171 2600949.8585 2600949.8585 -2600949.8585 5201899.7171   5358844.4235249581     224.117264561444     130.495503008596
200000062 100000016 300000245 300000246 300000247 300000248 4504977.3029 -4504977.3029       0.0000 5201899.7171 -2600949.8585 2600949.8585 2600949.8585 -5201899.7171 2600949.8585   5358844.4235538710     269.742519045280      75.491036005549
200000063 100000016 300000249 300000250 300000251 300000252 4504977.3029       0.0000 4504977.3029 2600949.8585 -2600949.8585 5201899.7171 5201899.7171 -2600949.8585 2600949.8585   5358844.4235249944     234.299496646237     114.854360719389
200000064 100000016 300000253 300000254 300000255 300000256 2600949.8585 -5201899.7171 2600949.8585 5201899.7171 -2600949.8585 2600949.8585 2600949.8585 -2600949.8585 5201899.7171   6299951.2584510250     240.962258638748     105.860905857638
200000065 100000017 300000257 300000258 300000259 300000260 6371000.0000       0.0000       0.0000 5886036.5016       0.0000 -2438076.1476 5886036.5016 2438076.1476       0.0000   3210275.5094172969     247.209558734870     100.103258541914
200000066 100000017 300000261 300000262 300000263 300000264 4504977.3029       0.0000 -4504977.3029 5201899.7171 2600949.8585 -2600949.8585 5886036.5016       0.0000 -2438076.1476   3425259.1202802844     263.395926031855      77.105833587689
200000067 100000017 300000265 300000266 300000267 300000268 4504977.3029 4504977.3029       0.0000 5886036.5016 2438076.1476       0.0000 5201899.7171 2600949.8585 -2600949.8585   3425259.1202851152     246.857570361923     105.623518383326
200000068 100000017 300000269 300000270 300000271 300000272 5886036.5016       0.0000 -2438076.1476 5201899.7171 2600949.8585 -2600949.8585 5886036.5016 2438076.1476       0.0000   3733064.4034788366     260.655569771875      88.795682460247
200000069 100000018 300000273 300000274 300000275 300000276       0.0000       0.0000 -6371000.0000       0.0000 2438076.1476 -5886036.5016 2438076.1476       0.0000 -5886036.5016   3210275.5092526884     133.781171363685      12.469907271459
200000070 100000018 300000277 300000278 300000279 300000280       0.0000 4504977.3029 -4504977.3029 2600949.8585 2600949.8585 -5201899.7171       0.0000 2438076.1476 -5886036.5016   3425259.1202496416     202.150043778804      65.750663081690
200000071 100000018 300000281 300000282 300000283 300000284 4504977.3029       0.0000 -4504977.3029 2438076.1476       0.0000 -5886036.5016 2600949.8585 2600949.8585 -5201899.7171   3425259.1202496416     202.901932788457      65.889883122977
200000072 100000018 300000285 300000286 300000287 300000288       0.0000 2438076.1476 -5886036.5016 2600949.8585 2600949.8585 -5201899.7171 2438076.1476       0.0000 -5886036.5016   3733064.4033953245     182.816940230156      42.885846004069
200000073 100000019 300000289 300000290 300000291 300000292       0.0000 6371000.0000       0.0000 2438076.1476 5886036.5016       0.0000       0.0000 5886036.5016 -2438076.1476   3210275.5094172969     246.938901063218      81.634425159088
200000074 100000019 300000293 300000294 300000295 300000296 4504977.3029 4504977.3029       0.0000 2600949.8585 5201899.7171 -2600949.8585 2438076.1476 5886036.5016       0.0000   3425259.1202851152     264.451686165480      67.622095037089
200000075 100000019 300000297 300000298 300000299 300000300       0.0000 4504977.3029 -4504977.3029       0.0000 5886036.5016 -2438076.1476 2600949.8585 5201899.7171 -2600949.8585   3425259.1202802844     258.998961506290      75.291574046261
200000076 100000019 300000301 300000302 300000303 300000304 2438076.1476 5886036.5016       0.0000 2600949.8585 5201899.7171 -2600949.8585       0.0000 5886036.5016 -2438076.1476   3733064.4034788907     262.998948352484      73.581139777533
200000077 100000020 300000305 300000306 300000307 300000308 4504977.3029       0.0000 -4504977.3029 2600949.8585 2600949.8585 -5201899.7171 5201899.7171 2600949.8585 -2600949.8585   5358844.4235249944     232.099894893287      82.556233980063
200000078 100000020 300000309 300000310 300000311 300000312       0.0000 4504977.3029 -4504977.3029 2600949.8585 5201899.7171 -2600949.8585 2600949.8585 2600949.8585 -5201899.7171   5358844.4235249944     231.695930004254      83.063052608490
200000079 100000020 300000313 300000314 300000315 300000316 4504977.3029 4504977.3029       0.0000 5201899.7171 2600949.8585 -2600949.8585 2600949.8585 5201899.7171 -2600949.8585   5358844.4235538710     270.143328335659      74.054292021030
200000080 100000020 300000317 300000318 300000319 300000320 2600949.8585 2600949.8585 -5201899.7171 2600949.8585 5201899.7171 -2600949.8585 5201899.7171 2600949.8585 -2600949.8585   6299951.2584510436     248.200225848551      78.103815097794
200000081 100000021 300000321 300000322 300000323 300000324       0.0000 6371000.0000       0.0000       0.0000 5886036.5016 -2438076.1476 -2438076.1476 5886036.5016       0.0000   3210275.5094172969     231.546661186843      99.392012213155
200000082 100000021 300000325 300000326 300000327 300000328       0.0000 4504977.3029 -4504977.3029 -2600949.8585 5201899.7171 -2600949.8585       0.0000 5886036.5016 -2438076.1476   3425259.1202802844     256.786189310774      81.019018690304
200000083 100000021 300000329 300000330 300000331 300000332 -4504977.3029 4504977.3029       0.0000 -2438076.1476 5886036.5016       0.0000 -2600949.8585 5201899.7171 -2600949.8585   3425259.1202851152     243.270696014138      86.289065213989
200000084 100000021 300000333 300000334 300000335 300000336       0.0000 5886036.5016 -2438076.1476 -2600949.8585 5201899.7171 -2600949.8585 -2438076.1476 5886036.5016       0.0000   3733064.4034788366     258.115438113861      77.611737219276
200000085 100000022 300000337 300000338 300000339 300000340       0.0000       0.0000 -6371000.0000 -2438076.1476       0.0000 -5886036.5016       0.0000 2438076.1476 -5886036.5016   3210275.5092526884     140.151649724744      12.368235086711
200000086 100000022 300000341 300000342 300000343 300000344 -4504977.3029       0.0000 -4504977.3029 -2600949.8585 2600949.8585 -5201899.7171 -2438076.1476       0.0000 -5886036.5016   3425259.1202496416     209.371879599092      64.322511707012
200000087 100000022 300000345 300000346 300000347 300000348       0.0000 4504977.3029 -4504977.3029       0.0000 2438076.1476 -5886036.5016 -2600949.8585 2600949.8585 -5201899.7171   3425259.1202496234     202.536717792317      65.257581957247
200000088 100000022 300000349 300000350 300000351 300000352 -2438076.1476       0.0000 -5886036.5016 -2600949.8585 2600949.8585 -5201899.7171       0.0000 2438076.1476 -5886036.5016   3733064.4033953426     177.106464631372      45.570224708465
200000089 100000023 300000353 300000354 300000355 300000356 -6371000.0000       0.0000       0.0000 -5886036.5016 2438076.1476       0.0000 -5886036.5016       0.0000 -2438076.1476   3210275.5094172969     237.331066353083      89.890640356773
200000090 100000023 300000357 300000358 300000359 300000360 -4504977.3029 4504977.3029       0.0000 -5201899.7171 2600949.8585 -2600949.8585 -5886036.5016 2438076.1476       0.0000   3425259.1202851152     226.597080384110     106.824493230668
200000091 100000023 300000361 300000362 300000363 300000364 -4504977.3029       0.0000 -4504977.3029 -5886036.5016       0.0000 -2438076.1476 -5201899.7171 2600949.8585 -2600949.8585   3425259.1202802667     252.424315085705      75.933625455893
200000092 100000023 300000365 300000366 300000367 300000368 -5886036.5016 2438076.1476       0.0000 -5201899.7171 2600949.8585 -2600949.8585 -5886036.5016       0.0000 -2438076.1476   3733064.4034788185     244.029061223154      90.563934877761
200000093 100000024 300000369 300000370 300000371 300000372       0.0000 4504977.3029 -4504977.3029 -2600949.8585 2600949.8585 -5201899.7171 -2600949.8585 5201899.7171 -2600949.8585   5358844.4235249944     231.488099243326      83.135518386089
200000094 100000024 300000373 300000374 300000375 300000376 -4504977.3029       0.0000 -4504977.3029 -5201899.7171 2600949.8585 -2600949.8585 -2600949.8585 2600949.8585 -5201899.7171   5358844.4235249758     235.897251640387      76.523627374251
200000095 100000024 300000377 300000378 300000379 300000380 -4504977.3029 4504977.3029       0.0000 -2600949.8585 5201899.7171 -2600949.8585 -5201899.7171 2600949.8585 -2600949.8585   5358844.4235538710     262.053790676677      85.493330255647
200000096 100000024 300000381 300000382 300000383 300000384 -2600949.8585 2600949.8585 -5201899.7171 -5201899.7171 2600949.8585 -2600949.8585 -2600949.8585 5201899.7171 -2600949.8585   6299951.2584510613     249.778971088013      80.749846306265
200000097 100000025 300000385 300000386 300000387 300000388 -6371000.0000       0.0000       0.0000 -5886036.5016       0.0000 -2438076.1476 -5886036.5016 -2438076.1476       0.0000   3210275.5090856110     251.110223478196      77.804575209290
200000098 100000025 300000389 300000390 300000391 300000392 -4504977.3029       0.0000 -4504977.3029 -5201899.7171 -2600949.8585 -2600949.8585 -5886036.5016       0.0000 -2438076.1476   3425259.1199850640     244.953378653913      82.961113697690
200000099 100000025 300000393 300000394 300000395 300000396 -4504977.3029 -4504977.3029       0.0000 -5886036.5016 -2438076.1476       0.0000 -5201899.7171 -2600949.8585 -2600949.8585   3425259.1202851152     263.219378552011      70.306965211149
200000100 100000025 300000397 300000398 300000399 300000400 -5886036.5016       0.0000 -2438076.1476 -5201899.7171 -2600949.8585 -2600949.8585 -5886036.5016 -2438076.1476       0.0000   3733064.4031454022     249.275001316131      80.910862166645
200000101 100000026 300000401 300000402 300000403 300000404       0.0000       0.0000 -6371000.0000       0.0000 -2438076.1476 -5886036.5016 -2438076.1476       0.0000 -5886036.5016   3210275.5092476774     170.885608431021      11.621420048310
200000102 100000026 300000405 300000406 300000407 300000408       0.0000 -4504977.3029 -4504977.3029 -2600949.8585 -2600949.8585 -5201899.7171       0.0000 -2438076.1476 -5886036.5016   3425259.1202496053     209.812571639699      62.671637160490
200000103 100000026 300000409 300000410 300000411 300000412 -4504977.3029       0.0000 -4504977.3029 -2438076.1476       0.0000 -5886036.5016 -2600949.8585 -2600949.8585 -5201899.7171   3425259.1200978495     210.589761457759      64.055080717476
200000104 100000026 300000413 300000414 300000415 300000416       0.0000 -2438076.1476 -5886036.5016 -2600949.8585 -2600949.8585 -5201899.7171 -2438076.1476       0.0000 -5886036.5016   3733064.4032572140     196.598557519333      40.882093594747
200000105 100000027 300000417 300000418 300000419 300000420       0.0000 -6371000.0000       0.0000 -2438076.1476 -5886036.5016       0.0000       0.0000 -5886036.5016 -2438076.1476   3210275.5094172969     274.266619875220      75.129583621889
200000106 100000027 300000421 300000422 300000423 300000424 -4504977.3029 -4504977.3029       0.0000 -2600949.8585 -5201899.7171 -2600949.8585 -2438076.1476 -5886036.5016       0.0000   3425259.1202851152     274.973520468905      66.367181511528
200000107 100000027 300000425 300000426 300000427 300000428       0.0000 -4504977.3029 -4504977.3029       0.0000 -5886036.5016 -2438076.1476 -2600949.8585 -5201899.7171 -2600949.8585   3425259.1202802667     254.091705902947      75.119965381653
200000108 100000027 300000429 300000430 300000431 300000432 -2438076.1476 -5886036.5016       0.0000 -2600949.8585 -5201899.7171 -2600949.8585       0.0000 -5886036.5016 -2438076.1476   3733064.4034788366     279.994566923812      65.082564381875
200000109 100000028 300000433 300000434 300000435 300000436 -4504977.3029       0.0000 -4504977.3029 -2600949.8585 -2600949.8585 -5201899.7171 -5201899.7171 -2600949.8585 -2600949.8585   5358844.4231734443     232.174197391745      81.564321672267
200000110 100000028 300000437 300000438 300000439 300000440       0.0000 -4504977.3029 -4504977.3029 -2600949.8585 -5201899.7171 -2600949.8585 -2600949.8585 -2600949.8585 -5201899.7171   5358844.4235249944     226.664101202075      84.618435012674
200000111 100000028 300000441 300000442 300000443 300000444 -4504977.3029 -4504977.3029       0.0000 -5201899.7171 -2600949.8585 -2600949.8585 -2600949.8585 -5201899.7171 -2600949.8585   5358844.4235538710     267.420979054684      68.369266045212
200000112 100000028 300000445 300000446 300000447 300000448 -2600949.8585 -2600949.8585 -5201899.7171 -2600949.8585 -5201899.7171 -2600949.8585 -5201899.7171 -2600949.8585 -2600949.8585   6299951.2584510613     235.404061311017      86.265170314794
200000113 100000029 300000449 300000450 300000451 300000452       0.0000 -6371000.0000       0.0000       0.0000 -5886036.5016 -2438076.1476 2438076.1476 -5886036.5016       0.0000   3210275.5094173145     257.131177355770      97.631511349260
200000114 100000029 300000453 300000454 300000455 300000456       0.0000 -4504977.3029 -4504977.3029 2600949.8585 -5201899.7171 -2600949.8585       0.0000 -5886036.5016 -2438076.1476   3425259.1202802304     260.458606607660      81.990821809083
200000115 100000029 300000457 300000458 300000459 300000460 4504977.3029 -4504977.3029       0.0000 2438076.1476 -5886036.5016       0.0000 2600949.8585 -5201899.7171 -2600949.8585   3425259.1202851334     220.340326744251     125.811912963719
200000116 100000029 300000461 300000462 300000463 300000464       0.0000 -5886036.5016 -2438076.1476 2600949.8585 -5201899.7171 -2600949.8585 2438076.1476 -5886036.5016       0.0000   3733064.4034788185     251.354653812127     107.929904912666
200000117 100000030 300000465 300000466 300000467 300000468       0.0000       0.0000 -6371000.0000 2438076.1476       0.0000 -5886036.5016       0.0000 -2438076.1476 -5886036.5016   3210275.5092526884     166.214717058942      11.599560741202
200000118 100000030 300000469 300000470 300000471 300000472 4504977.3029       0.0000 -4504977.3029 2600949.8585 -2600949.8585 -5201899.7171 2438076.1476       0.0000 -5886036.5016   3425259.1202496053     202.821270435843      67.842493749879
200000119 100000030 300000473 300000474 300000475 300000476       0.0000 -4504977.3029 -4504977.3029       0.0000 -2438076.1476 -5886036.5016 2600949.8585 -2600949.8585 -5201899.7171   3425259.1202496053     207.618063699263      62.637839033901
200000120 100000030 300000477 300000478 300000479 300000480 2438076.1476       0.0000 -5886036.5016 2600949.8585 -2600949.8585 -5201899.7171       0.0000 -2438076.1476 -5886036.5016   3733064.4033953608     191.003000325290      44.137079714827
200000121 100000031 300000481 300000482 300000483 300000484 6371000.0000       0.0000       0.0000 5886036.5016 -2438076.1476       0.0000 5886036.5016       0.0000 -2438076.1476   3210275.5094172969     270.427614118919      75.935331969516
200000122 100000031 300000485 300000486 300000487 300000488 4504977.3029 -4504977.3029       0.0000 5201899.7171 -2600949.8585 -2600949.8585 5886036.5016 -2438076.1476       0.0000   3425259.1202851152     257.641798125396      81.222068457634
200000123 100000031 300000489 300000490 300000491 300000492 4504977.3029       0.0000 -4504977.3029 5886036.5016       0.0000 -2438076.1476 5201899.7171 -2600949.8585 -2600949.8585   3425259.1202802667     253.169995649911      77.744005174244
200000124 100000031 300000493 300000494 300000495 300000496 5886036.5016 -2438076.1476       0.0000 5201899.7171 -2600949.8585 -2600949.8585 5886036.5016       0.0000 -2438076.1476   3733064.4034788907     281.977754492827      61.647173750191
200000125 100000032 300000497 300000498 300000499 300000500       0.0000 -4504977.3029 -4504977.3029 2600949.8585 -2600949.8585 -5201899.7171 2600949.8585 -5201899.7171 -2600949.8585   5358844.4235249581     233.808160115008      74.523634726937
200000126 100000032 300000501 300000502 300000503 300000504 4504977.3029       0.0000 -4504977.3029 5201899.7171 -2600949.8585 -2600949.8585 2600949.8585 -2600949.8585 -5201899.7171   5358844.4235249758     226.439946732277      84.021077666122
200000127 100000032 300000505 300000506 300000507 300000508 4504977.3029 -4504977.3029       0.0000 2600949.8585 -5201899.7171 -2600949.8585 5201899.7171 -2600949.8585 -2600949.8585   5358844.4235538710     254.022747325293      93.499333550358
200000128 100000032 300000509 300000510 300000511 300000512 2600949.8585 -2600949.8585 -5201899.7171 5201899.7171 -2600949.8585 -2600949.8585 2600949.8585 -5201899.7171 -2600949.8585   6299951.2584510436     244.363833962877      79.506814147261
