200000001 100000001 300000001 300000002 300000003 300000004       0.0000       0.0000 6371000.0000 2438076.1476       0.0000 5886036.5016       0.0000 2438076.1476 5886036.5016   3210275.5092526884     212.960563348029     231.474938661707
200000002 100000001 300000005 300000006 300000007 300000008 4504977.3029       0.0000 4504977.3029 2600949.8585 2600949.8585 5201899.7171 2438076.1476       0.0000 5886036.5016   3425259.1202496416     230.236527633927     142.782014592205
200000003 100000001 300000009 300000010 300000011 300000012       0.0000 4504977.3029 4504977.3029       0.0000 2438076.1476 5886036.5016 2600949.8585 2600949.8585 5201899.7171   3425259.1202496416     228.188263177752     145.415744057635
200000004 100000001 300000013 300000014 300000015 300000016 2438076.1476       0.0000 5886036.5016 2600949.8585 2600949.8585 5201899.7171       0.0000 2438076.1476 5886036.5016   3733064.4033953245     221.247290493599     171.453602403665
200000005 100000002 300000017 300000018 300000019 300000020 6371000.0000       0.0000       0.0000 5886036.5016 2438076.1476       0.0000 5886036.5016       0.0000 2438076.1476   3210275.5094172969     231.898599128848     127.527689294604
200000006 100000002 300000021 300000022 300000023 300000024 4504977.3029 4504977.3029       0.0000 5201899.7171 2600949.8585 2600949.8585 5886036.5016 2438076.1476       0.0000   3425259.1202851152     250.523839582617     119.330093862529
200000007 100000002 300000025 300000026 300000027 300000028 4504977.3029       0.0000 4504977.3029 5886036.5016       0.0000 2438076.1476 5201899.7171 2600949.8585 2600949.8585   3425259.1202802844     266.921532449493     136.235336790489
200000008 100000002 300000029 300000030 300000031 300000032 5886036.5016 2438076.1476       0.0000 5201899.7171 2600949.8585 2600949.8585 5886036.5016       0.0000 2438076.1476   3733064.4034788366     274.945833249434     138.283787932642
200000009 100000003 300000033 300000034 300000035 300000036       0.0000 6371000.0000       0.0000       0.0000 5886036.5016 2438076.1476 2438076.1476 5886036.5016       0.0000   3210275.5094172969     232.333243306191      97.671363616129
200000010 100000003 300000037 300000038 300000039 300000040       0.0000 4504977.3029 4504977.3029 2600949.8585 5201899.7171 2600949.8585       0.0000 5886036.5016 2438076.1476   3425259.1202802844     260.014311011141     132.229542513521
200000011 100000003 300000041 300000042 300000043 300000044 4504977.3029 4504977.3029       0.0000 2438076.1476 5886036.5016       0.0000 2600949.8585 5201899.7171 2600949.8585   3425259.1202850975     262.601011492464      76.720436204079
200000012 100000003 300000045 300000046 300000047 300000048       0.0000 5886036.5016 2438076.1476 2600949.8585 5201899.7171 2600949.8585 2438076.1476 5886036.5016       0.0000   3733064.4034788725     266.954158817662      89.755291454889
200000013 100000004 300000049 300000050 300000051 300000052 4504977.3029       0.0000 4504977.3029 5201899.7171 2600949.8585 2600949.8585 2600949.8585 2600949.8585 5201899.7171   5358844.4235249758     246.016989231860     124.012016289533
200000014 100000004 300000053 300000054 300000055 300000056 4504977.3029 4504977.3029       0.0000 2600949.8585 5201899.7171 2600949.8585 5201899.7171 2600949.8585 2600949.8585   5358844.4235538710     288.507103945433     105.219666983385
200000015 100000004 300000057 300000058 300000059 300000060       0.0000 4504977.3029 4504977.3029 2600949.8585 2600949.8585 5201899.7171 2600949.8585 5201899.7171 2600949.8585   5358844.4235249944     251.992482269721     129.496406820007
200000016 100000004 300000061 300000062 300000063 300000064 5201899.7171 2600949.8585 2600949.8585 2600949.8585 5201899.7171 2600949.8585 2600949.8585 2600949.8585 5201899.7171   6299951.2584510250     266.940744811806     121.751798467198
200000017 100000005 300000065 300000066 300000067 300000068       0.0000       0.0000 6371000.0000       0.0000 2438076.1476 5886036.5016 -2438076.1476       0.0000 5886036.5016   3210275.5092526884     211.317230265442     258.014286518523
200000018 100000005 300000069 300000070 300000071 300000072       0.0000 4504977.3029 4504977.3029 -2600949.8585 2600949.8585 5201899.7171       0.0000 2438076.1476 5886036.5016   3425259.1202496053     216.938722073667     160.375566996837
200000019 100000005 300000073 300000074 300000075 300000076 -4504977.3029       0.0000 4504977.3029 -2438076.1476       0.0000 5886036.5016 -2600949.8585 2600949.8585 5201899.7171   3425259.1202496416     218.045627306470     179.236397385476
200000020 100000005 300000077 300000078 300000079 300000080       0.0000 2438076.1476 5886036.5016 -2600949.8585 2600949.8585 5201899.7171 -2438076.1476       0.0000 5886036.5016   3733064.4033953426     215.526640601477     187.131868135864
200000021 100000006 300000081 300000082 300000083 300000084       0.0000 6371000.0000       0.0000 -2438076.1476 5886036.5016       0.0000       0.0000 5886036.5016 2438076.1476   3210275.5094172969     215.085509719547     117.015788609866
200000022 100000006 300000085 300000086 300000087 300000088 -4504977.3029 4504977.3029       0.0000 -2600949.8585 5201899.7171 2600949.8585 -2438076.1476 5886036.5016       0.0000   3425259.1202851152     230.901113833690      99.325530046565
200000023 100000006 300000089 300000090 300000091 300000092       0.0000 4504977.3029 4504977.3029       0.0000 5886036.5016 2438076.1476 -2600949.8585 5201899.7171 2600949.8585   3425259.1202802844     229.307400721461     170.843309730712
200000024 100000006 300000093 300000094 300000095 300000096 -2438076.1476 5886036.5016       0.0000 -2600949.8585 5201899.7171 2600949.8585       0.0000 5886036.5016 2438076.1476   3733064.4034788366     231.715372238409     122.399528457982
200000025 100000007 300000097 300000098 300000099 300000100 -6371000.0000       0.0000       0.0000 -5886036.5016       0.0000 2438076.1476 -5886036.5016 2438076.1476       0.0000   3210275.5094172969     248.063088896942      87.057641283747
200000026 100000007 300000101 300000102 300000103 300000104 -4504977.3029       0.0000 4504977.3029 -5201899.7171 2600949.8585 2600949.8585 -5886036.5016       0.0000 2438076.1476   3425259.1202802844     243.043156540057     120.488375311990
200000027 100000007 300000105 300000106 300000107 300000108 -4504977.3029 4504977.3029       0.0000 -5886036.5016 2438076.1476       0.0000 -5201899.7171 2600949.8585 2600949.8585   3425259.1202851152     237.061420582338      94.841545760333
200000028 100000007 300000109 300000110 300000111 300000112 -5886036.5016       0.0000 2438076.1476 -5201899.7171 2600949.8585 2600949.8585 -5886036.5016 2438076.1476       0.0000   3733064.4034788003     263.843887306658      76.544724881661
200000029 100000008 300000113 300000114 300000115 300000116       0.0000 4504977.3029 4504977.3029 -2600949.8585 5201899.7171 2600949.8585 -2600949.8585 2600949.8585 5201899.7171   5358844.4235249758     234.637595947114     141.509985880656
200000030 100000008 300000117 300000118 300000119 300000120 -4504977.3029 4504977.3029       0.0000 -5201899.7171 2600949.8585 2600949.8585 -2600949.8585 5201899.7171 2600949.8585   5358844.4235538710     249.921453804504      89.773974254397
200000031 100000008 300000121 300000122 300000123 300000124 -4504977.3029       0.0000 4504977.3029 -2600949.8585 2600949.8585 5201899.7171 -5201899.7171 2600949.8585 2600949.8585   5358844.4235249944     221.112630244565     168.231506650974
200000032 100000008 300000125 300000126 300000127 300000128 -2600949.8585 5201899.7171 2600949.8585 -5201899.7171 2600949.8585 2600949.8585 -2600949.8585 2600949.8585 5201899.7171   6299951.2584510613     230.286085266800     145.229097000200
200000033 100000009 300000129 300000130 300000131 300000132       0.0000       0.0000 6371000.0000 -2438076.1476       0.0000 5886036.5016       0.0000 -2438076.1476 5886036.5016   3210275.5092476774     211.807097050680     261.564020410161
200000034 100000009 300000133 300000134 300000135 300000136 -4504977.3029       0.0000 4504977.3029 -2600949.8585 -2600949.8585 5201899.7171 -2438076.1476       0.0000 5886036.5016   3425259.1200978314     218.738311277065     166.939008444243
200000035 100000009 300000137 300000138 300000139 300000140       0.0000 -4504977.3029 4504977.3029       0.0000 -2438076.1476 5886036.5016 -2600949.8585 -2600949.8585 5201899.7171   3425259.1202496053     221.672062905371     164.713552229921
200000036 100000009 300000141 300000142 300000143 300000144 -2438076.1476       0.0000 5886036.5016 -2600949.8585 -2600949.8585 5201899.7171       0.0000 -2438076.1476 5886036.5016   3733064.4032572322     218.109555343546     192.841575279207
200000037 100000010 300000145 300000146 300000147 300000148 -6371000.0000       0.0000       0.0000 -5886036.5016 -2438076.1476       0.0000 -5886036.5016       0.0000 2438076.1476   3210275.5090856110     254.410061134154      84.128298157492
200000038 100000010 300000149 300000150 300000151 300000152 -4504977.3029 -4504977.3029       0.0000 -5201899.7171 -2600949.8585 2600949.8585 -5886036.5016 -2438076.1476       0.0000   3425259.1202851152     258.583072276605      87.315077427345
200000039 100000010 300000153 300000154 300000155 300000156 -4504977.3029       0.0000 4504977.3029 -5886036.5016       0.0000 2438076.1476 -5201899.7171 -2600949.8585 2600949.8585   3425259.1199850640     246.415338532939     115.309019728908
200000040 100000010 300000157 300000158 300000159 300000160 -5886036.5016 -2438076.1476       0.0000 -5201899.7171 -2600949.8585 2600949.8585 -5886036.5016       0.0000 2438076.1476   3733064.4031454204     266.602372697474      77.464221011198
200000041 100000011 300000161 300000162 300000163 300000164       0.0000 -6371000.0000       0.0000       0.0000 -5886036.5016 2438076.1476 -2438076.1476 -5886036.5016       0.0000   3210275.5094172969     241.988556300423     105.125097178077
200000042 100000011 300000165 300000166 300000167 300000168       0.0000 -4504977.3029 4504977.3029 -2600949.8585 -5201899.7171 2600949.8585       0.0000 -5886036.5016 2438076.1476   3425259.1202802844     259.682045334880     116.125724710497
200000043 100000011 300000169 300000170 300000171 300000172 -4504977.3029 -4504977.3029       0.0000 -2438076.1476 -5886036.5016       0.0000 -2600949.8585 -5201899.7171 2600949.8585   3425259.1202851152     252.155148101625     101.268373046863
200000044 100000011 300000173 300000174 300000175 300000176       0.0000 -5886036.5016 2438076.1476 -2600949.8585 -5201899.7171 2600949.8585 -2438076.1476 -5886036.5016       0.0000   3733064.4034788725     253.804323151032      96.082275734147
200000045 100000012 300000177 300000178 300000179 300000180 -4504977.3029       0.0000 4504977.3029 -5201899.7171 -2600949.8585 2600949.8585 -2600949.8585 -2600949.8585 5201899.7171   5358844.4231734620     225.659023701254     156.945388061961
200000046 100000012 300000181 300000182 300000183 300000184 -4504977.3029 -4504977.3029       0.0000 -2600949.8585 -5201899.7171 2600949.8585 -5201899.7171 -2600949.8585 2600949.8585   5358844.4235538710     259.236076158314     107.414580185800
200000047 100000012 300000185 300000186 300000187 300000188       0.0000 -4504977.3029 4504977.3029 -2600949.8585 -2600949.8585 5201899.7171 -2600949.8585 -5201899.7171 2600949.8585   5358844.4235249944     239.768319788229     134.529402727459
200000048 100000012 300000189 300000190 300000191 300000192 -5201899.7171 -2600949.8585 2600949.8585 -2600949.8585 -5201899.7171 2600949.8585 -2600949.8585 -2600949.8585 5201899.7171   6299951.2584510613     248.396384835467     123.830499092267
200000049 100000013 300000193 300000194 300000195 300000196       0.0000       0.0000 6371000.0000       0.0000 -2438076.1476 5886036.5016 2438076.1476       0.0000 5886036.5016   3210275.5092526884     209.289348153848     246.486261553163
200000050 100000013 300000197 300000198 300000199 300000200       0.0000 -4504977.3029 4504977.3029 2600949.8585 -2600949.8585 5201899.7171       0.0000 -2438076.1476 5886036.5016   3425259.1202496053     217.395679490360     201.317801898745
200000051 100000013 300000201 300000202 300000203 300000204 4504977.3029       0.0000 4504977.3029 2438076.1476       0.0000 5886036.5016 2600949.8585 -2600949.8585 5201899.7171   3425259.1202496234     226.233824204964     149.506108303624
200000052 100000013 300000205 300000206 300000207 300000208       0.0000 -2438076.1476 5886036.5016 2600949.8585 -2600949.8585 5201899.7171 2438076.1476       0.0000 5886036.5016   3733064.4033953790     211.843038033156     211.213966018558
200000053 100000014 300000209 300000210 300000211 300000212       0.0000 -6371000.0000       0.0000 2438076.1476 -5886036.5016       0.0000       0.0000 -5886036.5016 2438076.1476   3210275.5094173145     225.266890352458     131.362639687725
200000054 100000014 300000213 300000214 300000215 300000216 4504977.3029 -4504977.3029       0.0000 2600949.8585 -5201899.7171 2600949.8585 2438076.1476 -5886036.5016       0.0000   3425259.1202851334     237.233812775395     110.231320992032
200000055 100000014 300000217 300000218 300000219 300000220       0.0000 -4504977.3029 4504977.3029       0.0000 -5886036.5016 2438076.1476 2600949.8585 -5201899.7171 2600949.8585   3425259.1202802304     253.507744357110     109.603550862795
200000056 100000014 300000221 300000222 300000223 300000224 2438076.1476 -5886036.5016       0.0000 2600949.8585 -5201899.7171 2600949.8585       0.0000 -5886036.5016 2438076.1476   3733064.4034788003     246.594775393263     101.766965088751
200000057 100000015 300000225 300000226 300000227 300000228 6371000.0000       0.0000       0.0000 5886036.5016       0.0000 2438076.1476 5886036.5016 -2438076.1476       0.0000   3210275.5094172969     237.002638893303     119.991772838992
200000058 100000015 300000229 300000230 300000231 300000232 4504977.3029       0.0000 4504977.3029 5201899.7171 -2600949.8585 2600949.8585 5886036.5016       0.0000 2438076.1476   3425259.1202802844     267.586588479974     112.999143826654
200000059 100000015 300000233 300000234 300000235 300000236 4504977.3029 -4504977.3029       0.0000 5886036.5016 -2438076.1476       0.0000 5201899.7171 -2600949.8585 2600949.8585   3425259.1202850975     255.881438577660      92.297874522788
200000060 100000015 300000237 300000238 300000239 300000240 5886036.5016       0.0000 2438076.1476 5201899.7171 -2600949.8585 2600949.8585 5886036.5016 -2438076.1476       0.0000   3733064.4034788725     269.635617093598     105.031112216700
200000061 100000016 300000241 300000242 300000243 300000244       0.0000 -4504977.3029 4504977.3029 2600949.8585 -5201899.7171 2600949.8585 2600949.8585 -2600949.8585 5201899.7171   5358844.4235249581     231.899791323814     139.257558930876
200000062 100000016 300000245 300000246 300000247 300000248 4504977.3029 -4504977.3029       0.0000 5201899.7171 -2600949.8585 2600949.8585 2600949.8585 -5201899.7171 2600949.8585   5358844.4235538710     263.555538690500      81.381728959098
200000063 100000016 300000249 300000250 300000251 300000252 4504977.3029       0.0000 4504977.3029 2600949.8585 -2600949.8585 5201899.7171 5201899.7171 -2600949.8585 2600949.8585   5358844.4235249944     240.160063270231     128.916125522975
200000064 100000016 300000253 300000254 300000255 300000256 2600949.8585 -5201899.7171 2600949.8585 5201899.7171 -2600949.8585 2600949.8585 2600949.8585 -2600949.8585 5201899.7171   6299951.2584510250     245.276406399921     110.290877381422
200000065 100000017 300000257 300000258 300000259 300000260 6371000.0000       0.0000       0.0000 5886036.5016       0.0000 -2438076.1476 5886036.5016 2438076.1476       0.0000   3210275.5094172969     267.823053333180      86.317375222137
200000066 100000017 300000261 300000262 300000263 300000264 4504977.3029       0.0000 -4504977.3029 5201899.7171 2600949.8585 -2600949.8585 5886036.5016       0.0000 -2438076.1476   3425259.1202802844     257.825915407397      64.669970984128
200000067 100000017 300000265 300000266 300000267 300000268 4504977.3029 4504977.3029       0.0000 5886036.5016 2438076.1476       0.0000 5201899.7171 2600949.8585 -2600949.8585   3425259.1202851152     263.675842005674      86.661260451167
200000068 100000017 300000269 300000270 300000271 300000272 5886036.5016       0.0000 -2438076.1476 5201899.7171 2600949.8585 -2600949.8585 5886036.5016 2438076.1476       0.0000   3733064.4034788366     279.599981298742      66.844971215417
200000069 100000018 300000273 300000274 300000275 300000276       0.0000       0.0000 -6371000.0000       0.0000 2438076.1476 -5886036.5016 2438076.1476       0.0000 -5886036.5016   3210275.5092526884     127.611895078233       0.274957725526
200000070 100000018 300000277 300000278 300000279 300000280       0.0000 4504977.3029 -4504977.3029 2600949.8585 2600949.8585 -5201899.7171       0.0000 2438076.1476 -5886036.5016   3425259.1202496416     196.902095860929      33.702402940793
200000071 100000018 300000281 300000282 300000283 300000284 4504977.3029       0.0000 -4504977.3029 2438076.1476       0.0000 -5886036.5016 2600949.8585 2600949.8585 -5201899.7171   3425259.1202496416     196.700771455045      33.618670761840
200000072 100000018 300000285 300000286 300000287 300000288       0.0000 2438076.1476 -5886036.5016 2600949.8585 2600949.8585 -5201899.7171 2438076.1476       0.0000 -5886036.5016   3733064.4033953245     175.047316775794      11.007891781296
200000073 100000019 300000289 300000290 300000291 300000292       0.0000 6371000.0000       0.0000 2438076.1476 5886036.5016       0.0000       0.0000 5886036.5016 -2438076.1476   3210275.5094172969     248.700163694290      79.911989923338
200000074 100000019 300000293 300000294 300000295 300000296 4504977.3029 4504977.3029       0.0000 2600949.8585 5201899.7171 -2600949.8585 2438076.1476 5886036.5016       0.0000   3425259.1202851152     265.805171725433      66.422036238178
200000075 100000019 300000297 300000298 300000299 300000300       0.0000 4504977.3029 -4504977.3029       0.0000 5886036.5016 -2438076.1476 2600949.8585 5201899.7171 -2600949.8585   3425259.1202802844     257.068621266813      63.475498473883
200000076 100000019 300000301 300000302 300000303 300000304 2438076.1476 5886036.5016       0.0000 2600949.8585 5201899.7171 -2600949.8585       0.0000 5886036.5016 -2438076.1476   3733064.4034788907     272.666917895588      63.912733639534
200000077 100000020 300000305 300000306 300000307 300000308 4504977.3029       0.0000 -4504977.3029 2600949.8585 2600949.8585 -5201899.7171 5201899.7171 2600949.8585 -2600949.8585   5358844.4235249944     224.855019200730      59.430605937215
200000078 100000020 300000309 300000310 300000311 300000312       0.0000 4504977.3029 -4504977.3029 2600949.8585 5201899.7171 -2600949.8585 2600949.8585 2600949.8585 -5201899.7171   5358844.4235249944     226.730241476452      60.858944301683
200000079 100000020 300000313 300000314 300000315 300000316 4504977.3029 4504977.3029       0.0000 5201899.7171 2600949.8585 -2600949.8585 2600949.8585 5201899.7171 -2600949.8585   5358844.4235538710     279.914463597402      62.993439193313
200000080 100000020 300000317 300000318 300000319 300000320 2600949.8585 2600949.8585 -5201899.7171 2600949.8585 5201899.7171 -2600949.8585 5201899.7171 2600949.8585 -2600949.8585   6299951.2584510436     247.982019020388      59.944062328442
200000081 100000021 300000321 300000322 300000323 300000324       0.0000 6371000.0000       0.0000       0.0000 5886036.5016 -2438076.1476 -2438076.1476 5886036.5016       0.0000   3210275.5094172969     243.609728474543      86.484469653532
200000082 100000021 300000325 300000326 300000327 300000328       0.0000 4504977.3029 -4504977.3029 -2600949.8585 5201899.7171 -2600949.8585       0.0000 5886036.5016 -2438076.1476   3425259.1202802844     256.397344039590      64.393450743769
200000083 100000021 300000329 300000330 300000331 300000332 -4504977.3029 4504977.3029       0.0000 -2438076.1476 5886036.5016       0.0000 -2600949.8585 5201899.7171 -2600949.8585   3425259.1202851152     254.688675825042      76.323187845461
200000084 100000021 300000333 300000334 300000335 300000336       0.0000 5886036.5016 -2438076.1476 -2600949.8585 5201899.7171 -2600949.8585 -2438076.1476 5886036.5016       0.0000   3733064.4034788366     269.933579848814      66.550477634019
200000085 100000022 300000337 300000338 300000339 300000340       0.0000       0.0000 -6371000.0000 -2438076.1476       0.0000 -5886036.5016       0.0000 2438076.1476 -5886036.5016   3210275.5092526884     134.966078765316       0.279812086984
200000086 100000022 300000341 300000342 300000343 300000344 -4504977.3029       0.0000 -4504977.3029 -2600949.8585 2600949.8585 -5201899.7171 -2438076.1476       0.0000 -5886036.5016   3425259.1202496416     204.997853367226      33.239210534097
200000087 100000022 300000345 300000346 300000347 300000348       0.0000 4504977.3029 -4504977.3029       0.0000 2438076.1476 -5886036.5016 -2600949.8585 2600949.8585 -5201899.7171   3425259.1202496234     198.454311398667      33.522520105613
200000088 100000022 300000349 300000350 300000351 300000352 -2438076.1476       0.0000 -5886036.5016 -2600949.8585 2600949.8585 -5201899.7171       0.0000 2438076.1476 -5886036.5016   3733064.4033953426     171.189409717605      11.506612523910
200000089 100000023 300000353 300000354 300000355 300000356 -6371000.0000       0.0000       0.0000 -5886036.5016 2438076.1476       0.0000 -5886036.5016       0.0000 -2438076.1476   3210275.5094172969     246.068703771638      78.998169983376
200000090 100000023 300000357 300000358 300000359 300000360 -4504977.3029 4504977.3029       0.0000 -5201899.7171 2600949.8585 -2600949.8585 -5886036.5016 2438076.1476       0.0000   3425259.1202851152     236.843932158192      95.219583184997
200000091 100000023 300000361 300000362 300000363 300000364 -4504977.3029       0.0000 -4504977.3029 -5886036.5016       0.0000 -2438076.1476 -5201899.7171 2600949.8585 -2600949.8585   3425259.1202802667     247.813607556248      64.277004722323
200000092 100000023 300000365 300000366 300000367 300000368 -5886036.5016 2438076.1476       0.0000 -5201899.7171 2600949.8585 -2600949.8585 -5886036.5016       0.0000 -2438076.1476   3733064.4034788185     247.712173940624      81.929914799220
200000093 100000024 300000369 300000370 300000371 300000372       0.0000 4504977.3029 -4504977.3029 -2600949.8585 2600949.8585 -5201899.7171 -2600949.8585 5201899.7171 -2600949.8585   5358844.4235249944     226.775659656760      60.656806439690
200000094 100000024 300000373 300000374 300000375 300000376 -4504977.3029       0.0000 -4504977.3029 -5201899.7171 2600949.8585 -2600949.8585 -2600949.8585 2600949.8585 -5201899.7171   5358844.4235249758     231.092327069837      56.229930540535
200000095 100000024 300000377 300000378 300000379 300000380 -4504977.3029 4504977.3029       0.0000 -2600949.8585 5201899.7171 -2600949.8585 -5201899.7171 2600949.8585 -2600949.8585   5358844.4235538710     267.926972364578      72.095159720145
200000096 100000024 300000381 300000382 300000383 300000384 -2600949.8585 2600949.8585 -5201899.7171 -5201899.7171 2600949.8585 -2600949.8585 -2600949.8585 5201899.7171 -2600949.8585   6299951.2584510613     244.162867133083      63.745837039435
200000097 100000025 300000385 300000386 300000387 300000388 -6371000.0000       0.0000       0.0000 -5886036.5016       0.0000 -2438076.1476 -5886036.5016 -2438076.1476       0.0000   3210275.5090856110     259.763435882795      68.826774353940
200000098 100000025 300000389 300000390 300000391 300000392 -4504977.3029       0.0000 -4504977.3029 -5201899.7171 -2600949.8585 -2600949.8585 -5886036.5016       0.0000 -2438076.1476   3425259.1199850640     241.027521397929      68.981677525209
200000099 100000025 300000393 300000394 300000395 300000396 -4504977.3029 -4504977.3029       0.0000 -5886036.5016 -2438076.1476       0.0000 -5201899.7171 -2600949.8585 -2600949.8585   3425259.1202851152     277.044304923056      59.216334356404
200000100 100000025 300000397 300000398 300000399 300000400 -5886036.5016       0.0000 -2438076.1476 -5201899.7171 -2600949.8585 -2600949.8585 -5886036.5016 -2438076.1476       0.0000   3733064.4031454022     257.278141310262      72.040203824679
200000101 100000026 300000401 300000402 300000403 300000404       0.0000       0.0000 -6371000.0000       0.0000 -2438076.1476 -5886036.5016 -2438076.1476       0.0000 -5886036.5016   3210275.5092476774     163.140451357582       0.244930003523
200000102 100000026 300000405 300000406 300000407 300000408       0.0000 -4504977.3029 -4504977.3029 -2600949.8585 -2600949.8585 -5201899.7171       0.0000 -2438076.1476 -5886036.5016   3425259.1202496053     205.766889069956      32.264127798269
200000103 100000026 300000409 300000410 300000411 300000412 -4504977.3029       0.0000 -4504977.3029 -2438076.1476       0.0000 -5886036.5016 -2600949.8585 -2600949.8585 -5201899.7171   3425259.1200978495     207.099732505593      32.563764303910
200000104 100000026 300000413 300000414 300000415 300000416       0.0000 -2438076.1476 -5886036.5016 -2600949.8585 -2600949.8585 -5201899.7171 -2438076.1476       0.0000 -5886036.5016   3733064.4032572140     190.210212580812      10.661639840717
200000105 100000027 300000417 300000418 300000419 300000420       0.0000 -6371000.0000       0.0000 -2438076.1476 -5886036.5016       0.0000       0.0000 -5886036.5016 -2438076.1476   3210275.5094172969     285.628071329679      63.062682013378
200000106 100000027 300000421 300000422 300000423 300000424 -4504977.3029 -4504977.3029       0.0000 -2600949.8585 -5201899.7171 -2600949.8585 -2438076.1476 -5886036.5016       0.0000   3425259.1202851152     289.726423623603      53.876505356395
200000107 100000027 300000425 300000426 300000427 300000428       0.0000 -4504977.3029 -4504977.3029       0.0000 -5886036.5016 -2438076.1476 -2600949.8585 -5201899.7171 -2600949.8585   3425259.1202802667     244.226578204966      68.183882984080
200000108 100000027 300000429 300000430 300000431 300000432 -2438076.1476 -5886036.5016       0.0000 -2600949.8585 -5201899.7171 -2600949.8585       0.0000 -5886036.5016 -2438076.1476   3733064.4034788366     285.303147181145      57.584646986539
200000109 100000028 300000433 300000434 300000435 300000436 -4504977.3029       0.0000 -4504977.3029 -2600949.8585 -2600949.8585 -5201899.7171 -5201899.7171 -2600949.8585 -2600949.8585   5358844.4231734443     227.143664054898      59.815140094069
200000110 100000028 300000437 300000438 300000439 300000440       0.0000 -4504977.3029 -4504977.3029 -2600949.8585 -5201899.7171 -2600949.8585 -2600949.8585 -2600949.8585 -5201899.7171   5358844.4235249944     223.128260227434      61.854694562090
200000111 100000028 300000441 300000442 300000443 300000444 -4504977.3029 -4504977.3029       0.0000 -5201899.7171 -2600949.8585 -2600949.8585 -2600949.8585 -5201899.7171 -2600949.8585   5358844.4235538710     271.942781835931      62.507393449567
200000112 100000028 300000445 300000446 300000447 300000448 -2600949.8585 -2600949.8585 -5201899.7171 -2600949.8585 -5201899.7171 -2600949.8585 -5201899.7171 -2600949.8585 -2600949.8585   6299951.2584510613     231.365891739857      70.045118868964
200000113 100000029 300000449 300000450 300000451 300000452       0.0000 -6371000.0000       0.0000       0.0000 -5886036.5016 -2438076.1476 2438076.1476 -5886036.5016       0.0000   3210275.5094173145     263.577151844057      97.310374211125
200000114 100000029 300000453 300000454 300000455 300000456       0.0000 -4504977.3029 -4504977.3029 2600949.8585 -5201899.7171 -2600949.8585       0.0000 -5886036.5016 -2438076.1476   3425259.1202802304     248.187077820882      70.769001982861
200000115 100000029 300000457 300000458 300000459 300000460 4504977.3029 -4504977.3029       0.0000 2438076.1476 -5886036.5016       0.0000 2600949.8585 -5201899.7171 -2600949.8585   3425259.1202851334     237.222933791208     107.222962199271
200000116 100000029 300000461 300000462 300000463 300000464       0.0000 -5886036.5016 -2438076.1476 2600949.8585 -5201899.7171 -2600949.8585 2438076.1476 -5886036.5016       0.0000   3733064.4034788185     259.160679233791      96.532810635196
200000117 100000030 300000465 300000466 300000467 300000468       0.0000       0.0000 -6371000.0000 2438076.1476       0.0000 -5886036.5016       0.0000 -2438076.1476 -5886036.5016   3210275.5092526884     157.989004782000       0.246535240597
200000118 100000030 300000469 300000470 300000471 300000472 4504977.3029       0.0000 -4504977.3029 2600949.8585 -2600949.8585 -5201899.7171 2438076.1476       0.0000 -5886036.5016   3425259.1202496053     197.354147392544      33.924902251613
200000119 100000030 300000473 300000474 300000475 300000476       0.0000 -4504977.3029 -4504977.3029       0.0000 -2438076.1476 -5886036.5016 2600949.8585 -2600949.8585 -5201899.7171   3425259.1202496053     204.320700342789      31.900394831986
200000120 100000030 300000477 300000478 300000479 300000480 2438076.1476       0.0000 -5886036.5016 2600949.8585 -2600949.8585 -5201899.7171       0.0000 -2438076.1476 -5886036.5016   3733064.4033953608     182.388665428305      11.404282949433
200000121 100000031 300000481 300000482 300000483 300000484 6371000.0000       0.0000       0.0000 5886036.5016 -2438076.1476       0.0000 5886036.5016       0.0000 -2438076.1476   3210275.5094172969     281.206649509153      66.146910026817
200000122 100000031 300000485 300000486 300000487 300000488 4504977.3029 -4504977.3029       0.0000 5201899.7171 -2600949.8585 -2600949.8585 5886036.5016 -2438076.1476       0.0000   3425259.1202851152     267.791279914983      70.428371577397
200000123 100000031 300000489 300000490 300000491 300000492 4504977.3029       0.0000 -4504977.3029 5886036.5016       0.0000 -2438076.1476 5201899.7171 -2600949.8585 -2600949.8585   3425259.1202802667     248.065106778753      67.251967077882
200000124 100000031 300000493 300000494 300000495 300000496 5886036.5016 -2438076.1476       0.0000 5201899.7171 -2600949.8585 -2600949.8585 5886036.5016       0.0000 -2438076.1476   3733064.4034788907     281.747928489135      58.102806872299
200000125 100000032 300000497 300000498 300000499 300000500       0.0000 -4504977.3029 -4504977.3029 2600949.8585 -2600949.8585 -5201899.7171 2600949.8585 -5201899.7171 -2600949.8585   5358844.4235249581     221.236247443303      58.414087856260
200000126 100000032 300000501 300000502 300000503 300000504 4504977.3029       0.0000 -4504977.3029 5201899.7171 -2600949.8585 -2600949.8585 2600949.8585 -2600949.8585 -5201899.7171   5358844.4235249758     220.138098817984      62.594870787124
200000127 100000032 300000505 300000506 300000507 300000508 4504977.3029 -4504977.3029       0.0000 2600949.8585 -5201899.7171 -2600949.8585 5201899.7171 -2600949.8585 -2600949.8585   5358844.4235538710     262.362468367941      80.101667720369
200000128 100000032 300000509 300000510 300000511 300000512 2600949.8585 -2600949.8585 -5201899.7171 5201899.7171 -2600949.8585 -2600949.8585 2600949.8585 -5201899.7171 -2600949.8585   6299951.2584510436     236.058935187302      67.644598123922
