100000001 000000001 200000001 200000002 200000003 200000004       0.0000       0.0000 6371000.0000 4504977.3029       0.0000 4504977.3029       0.0000 4504977.3029 4504977.3029  13793858.1531259362     188.293657873739      39.729456666406
100000002 000000001 200000005 200000006 200000007 200000008 6371000.0000       0.0000       0.0000 4504977.3029 4504977.3029       0.0000 4504977.3029       0.0000 4504977.3029  13793858.1534816865     261.871812364563     101.412590152658
100000003 000000001 200000009 200000010 200000011 200000012       0.0000 6371000.0000       0.0000       0.0000 4504977.3029 4504977.3029 4504977.3029 4504977.3029       0.0000  13793858.1534816865     270.482072641418      70.448634503259
100000004 000000001 200000013 200000014 200000015 200000016 4504977.3029       0.0000 4504977.3029 4504977.3029 4504977.3029       0.0000       0.0000 4504977.3029 4504977.3029  22376484.5290359557     235.293364738044      93.064497598369
100000005 000000002 200000017 200000018 200000019 200000020       0.0000       0.0000 6371000.0000       0.0000 4504977.3029 4504977.3029 -4504977.3029       0.0000 4504977.3029  13793858.1531259362     177.261931067239      37.869714543381
100000006 000000002 200000021 200000022 200000023 200000024       0.0000 6371000.0000       0.0000 -4504977.3029 4504977.3029       0.0000       0.0000 4504977.3029 4504977.3029  13793858.1534816865     249.169863756752      95.787232880000
100000007 000000002 200000025 200000026 200000027 200000028 -6371000.0000       0.0000       0.0000 -4504977.3029       0.0000 4504977.3029 -4504977.3029 4504977.3029       0.0000  13793858.1534816865     255.994184822355      84.031589759923
100000008 000000002 200000029 200000030 200000031 200000032       0.0000 4504977.3029 4504977.3029 -4504977.3029 4504977.3029       0.0000 -4504977.3029       0.0000 4504977.3029  22376484.5290359408     226.854782890155      88.214173371032
100000009 000000003 200000033 200000034 200000035 200000036       0.0000       0.0000 6371000.0000 -4504977.3029       0.0000 4504977.3029       0.0000 -4504977.3029 4504977.3029  13793858.1530340239     186.493854400496      39.643699815073
100000010 000000003 200000037 200000038 200000039 200000040 -6371000.0000       0.0000       0.0000 -4504977.3029 -4504977.3029       0.0000 -4504977.3029       0.0000 4504977.3029  13793858.1527242213     262.228613919219      81.288929959593
100000011 000000003 200000041 200000042 200000043 200000044       0.0000 -6371000.0000       0.0000       0.0000 -4504977.3029 4504977.3029 -4504977.3029 -4504977.3029       0.0000  13793858.1534816865     260.949576201286      82.451315873206
100000012 000000003 200000045 200000046 200000047 200000048 -4504977.3029       0.0000 4504977.3029 -4504977.3029 -4504977.3029       0.0000       0.0000 -4504977.3029 4504977.3029  22376484.5282785110     228.650810483578      85.677311415983
100000013 000000004 200000049 200000050 200000051 200000052       0.0000       0.0000 6371000.0000       0.0000 -4504977.3029 4504977.3029 4504977.3029       0.0000 4504977.3029  13793858.1531259362     184.563221498738      40.982281267099
100000014 000000004 200000053 200000054 200000055 200000056       0.0000 -6371000.0000       0.0000 4504977.3029 -4504977.3029       0.0000       0.0000 -4504977.3029 4504977.3029  13793858.1534816492     263.279866678070      89.050788303568
100000015 000000004 200000057 200000058 200000059 200000060 6371000.0000       0.0000       0.0000 4504977.3029       0.0000 4504977.3029 4504977.3029 -4504977.3029       0.0000  13793858.1534816679     256.413362888749      90.703770109917
100000016 000000004 200000061 200000062 200000063 200000064       0.0000 -4504977.3029 4504977.3029 4504977.3029 -4504977.3029       0.0000 4504977.3029       0.0000 4504977.3029  22376484.5290359408     235.252324028295      79.490465574373
100000017 000000005 200000065 200000066 200000067 200000068 6371000.0000       0.0000       0.0000 4504977.3029       0.0000 -4504977.3029 4504977.3029 4504977.3029       0.0000  13793858.1534816865     244.609177885012     118.442904379823
100000018 000000005 200000069 200000070 200000071 200000072       0.0000       0.0000 -6371000.0000       0.0000 4504977.3029 -4504977.3029 4504977.3029       0.0000 -4504977.3029  13793858.1531259362     199.251325083126     174.331296722610
100000019 000000005 200000073 200000074 200000075 200000076       0.0000 6371000.0000       0.0000 4504977.3029 4504977.3029       0.0000       0.0000 4504977.3029 -4504977.3029  13793858.1534816865     251.574066721721      95.581853250552
100000020 000000005 200000077 200000078 200000079 200000080 4504977.3029       0.0000 -4504977.3029       0.0000 4504977.3029 -4504977.3029 4504977.3029 4504977.3029       0.0000  22376484.5290359408     246.067867260786     122.214132205438
100000021 000000006 200000081 200000082 200000083 200000084       0.0000 6371000.0000       0.0000       0.0000 4504977.3029 -4504977.3029 -4504977.3029 4504977.3029       0.0000  13793858.1534816865     242.146047963435     110.150840021783
100000022 000000006 200000085 200000086 200000087 200000088       0.0000       0.0000 -6371000.0000 -4504977.3029       0.0000 -4504977.3029       0.0000 4504977.3029 -4504977.3029  13793858.1531259362     201.928267959347     170.478500680145
100000023 000000006 200000089 200000090 200000091 200000092 -6371000.0000       0.0000       0.0000 -4504977.3029 4504977.3029       0.0000 -4504977.3029       0.0000 -4504977.3029  13793858.1534816865     233.139619199925     112.654634720194
100000024 000000006 200000093 200000094 200000095 200000096       0.0000 4504977.3029 -4504977.3029 -4504977.3029       0.0000 -4504977.3029 -4504977.3029 4504977.3029       0.0000  22376484.5290359408     246.360587334367     125.318544711492
100000025 000000007 200000097 200000098 200000099 200000100 -6371000.0000       0.0000       0.0000 -4504977.3029       0.0000 -4504977.3029 -4504977.3029 -4504977.3029       0.0000  13793858.1527242213     247.075446132293      98.969088226898
100000026 000000007 200000101 200000102 200000103 200000104       0.0000       0.0000 -6371000.0000       0.0000 -4504977.3029 -4504977.3029 -4504977.3029       0.0000 -4504977.3029  13793858.1530340239     211.986399575658     160.806930747942
100000027 000000007 200000105 200000106 200000107 200000108       0.0000 -6371000.0000       0.0000 -4504977.3029 -4504977.3029       0.0000       0.0000 -4504977.3029 -4504977.3029  13793858.1534816865     276.278878884545      77.033878595309
100000028 000000007 200000109 200000110 200000111 200000112 -4504977.3029       0.0000 -4504977.3029       0.0000 -4504977.3029 -4504977.3029 -4504977.3029 -4504977.3029       0.0000  22376484.5282785110     244.863318844884     116.103199801220
100000029 000000008 200000113 200000114 200000115 200000116       0.0000 -6371000.0000       0.0000       0.0000 -4504977.3029 -4504977.3029 4504977.3029 -4504977.3029       0.0000  13793858.1534816492     242.751124614693     127.955235541325
100000030 000000008 200000117 200000118 200000119 200000120       0.0000       0.0000 -6371000.0000 4504977.3029       0.0000 -4504977.3029       0.0000 -4504977.3029 -4504977.3029  13793858.1531259362     207.917754960186     170.756040466896
100000031 000000008 200000121 200000122 200000123 200000124 6371000.0000       0.0000       0.0000 4504977.3029 -4504977.3029       0.0000 4504977.3029       0.0000 -4504977.3029  13793858.1534816865     273.743393667167      78.899964630547
100000032 000000008 200000125 200000126 200000127 200000128       0.0000 -4504977.3029 -4504977.3029 4504977.3029       0.0000 -4504977.3029 4504977.3029 -4504977.3029       0.0000  22376484.5290359408     242.867509146637     122.830292785947
