100000001 000000001 200000001 200000002 200000003 200000004       0.0000       0.0000 6371000.0000 4504977.3029       0.0000 4504977.3029       0.0000 4504977.3029 4504977.3029  13793858.1531259362     240.081703041625     164.210805332118
100000002 000000001 200000005 200000006 200000007 200000008 6371000.0000       0.0000       0.0000 4504977.3029 4504977.3029       0.0000 4504977.3029       0.0000 4504977.3029  13793858.1534816865     260.241794959155     133.365068414795
100000003 000000001 200000009 200000010 200000011 200000012       0.0000 6371000.0000       0.0000       0.0000 4504977.3029 4504977.3029 4504977.3029 4504977.3029       0.0000  13793858.1534816865     229.309309133211     126.642604567516
100000004 000000001 200000013 200000014 200000015 200000016 4504977.3029       0.0000 4504977.3029 4504977.3029 4504977.3029       0.0000       0.0000 4504977.3029 4504977.3029  22376484.5290359557     284.475385271060     112.334450269852
100000005 000000002 200000017 200000018 200000019 200000020       0.0000       0.0000 6371000.0000       0.0000 4504977.3029 4504977.3029 -4504977.3029       0.0000 4504977.3029  13793858.1531259362     236.599943525228     173.105899788612
100000006 000000002 200000021 200000022 200000023 200000024       0.0000 6371000.0000       0.0000 -4504977.3029 4504977.3029       0.0000       0.0000 4504977.3029 4504977.3029  13793858.1534816865     214.151549452254     140.425196915400
100000007 000000002 200000025 200000026 200000027 200000028 -6371000.0000       0.0000       0.0000 -4504977.3029       0.0000 4504977.3029 -4504977.3029 4504977.3029       0.0000  13793858.1534816865     239.191396167647      96.651031840148
100000008 000000002 200000029 200000030 200000031 200000032       0.0000 4504977.3029 4504977.3029 -4504977.3029 4504977.3029       0.0000 -4504977.3029       0.0000 4504977.3029  22376484.5290359408     239.325599859629     136.907889087692
100000009 000000003 200000033 200000034 200000035 200000036       0.0000       0.0000 6371000.0000 -4504977.3029       0.0000 4504977.3029       0.0000 -4504977.3029 4504977.3029  13793858.1530340239     233.183233533217     175.180699000297
100000010 000000003 200000037 200000038 200000039 200000040 -6371000.0000       0.0000       0.0000 -4504977.3029 -4504977.3029       0.0000 -4504977.3029       0.0000 4504977.3029  13793858.1527242213     260.720233325114      83.629830337826
100000011 000000003 200000041 200000042 200000043 200000044       0.0000 -6371000.0000       0.0000       0.0000 -4504977.3029 4504977.3029 -4504977.3029 -4504977.3029       0.0000  13793858.1534816865     245.053283459421     108.873588623463
100000012 000000003 200000045 200000046 200000047 200000048 -4504977.3029       0.0000 4504977.3029 -4504977.3029 -4504977.3029       0.0000       0.0000 -4504977.3029 4504977.3029  22376484.5282785110     260.594772759566     126.477011288553
100000013 000000004 200000049 200000050 200000051 200000052       0.0000       0.0000 6371000.0000       0.0000 -4504977.3029 4504977.3029 4504977.3029       0.0000 4504977.3029  13793858.1531259362     231.002567277110     182.655363326051
100000014 000000004 200000053 200000054 200000055 200000056       0.0000 -6371000.0000       0.0000 4504977.3029 -4504977.3029       0.0000       0.0000 -4504977.3029 4504977.3029  13793858.1534816492     243.340897269402     109.079809337545
100000015 000000004 200000057 200000058 200000059 200000060 6371000.0000       0.0000       0.0000 4504977.3029       0.0000 4504977.3029 4504977.3029 -4504977.3029       0.0000  13793858.1534816679     264.176374085911     109.769604766185
100000016 000000004 200000061 200000062 200000063 200000064       0.0000 -4504977.3029 4504977.3029 4504977.3029 -4504977.3029       0.0000 4504977.3029       0.0000 4504977.3029  22376484.5290359408     261.196097452394     106.865997862831
100000017 000000005 200000065 200000066 200000067 200000068 6371000.0000       0.0000       0.0000 4504977.3029       0.0000 -4504977.3029 4504977.3029 4504977.3029       0.0000  13793858.1534816865     273.526491631802      74.960337078384
100000018 000000005 200000069 200000070 200000071 200000072       0.0000       0.0000 -6371000.0000       0.0000 4504977.3029 -4504977.3029 4504977.3029       0.0000 -4504977.3029  13793858.1531259362     165.104617106782      15.781008915691
100000019 000000005 200000073 200000074 200000075 200000076       0.0000 6371000.0000       0.0000 4504977.3029 4504977.3029       0.0000       0.0000 4504977.3029 -4504977.3029  13793858.1534816865     259.735955362652      72.069231677979
100000020 000000005 200000077 200000078 200000079 200000080 4504977.3029       0.0000 -4504977.3029       0.0000 4504977.3029 -4504977.3029 4504977.3029 4504977.3029       0.0000  22376484.5290359408     245.760784008935      55.791119453330
100000021 000000006 200000081 200000082 200000083 200000084       0.0000 6371000.0000       0.0000       0.0000 4504977.3029 -4504977.3029 -4504977.3029 4504977.3029       0.0000  13793858.1534816865     262.881278082397      71.390290596541
100000022 000000006 200000085 200000086 200000087 200000088       0.0000       0.0000 -6371000.0000 -4504977.3029       0.0000 -4504977.3029       0.0000 4504977.3029 -4504977.3029  13793858.1531259362     169.737016229520      14.953466918041
100000023 000000006 200000089 200000090 200000091 200000092 -6371000.0000       0.0000       0.0000 -4504977.3029 4504977.3029       0.0000 -4504977.3029       0.0000 -4504977.3029  13793858.1534816865     249.251811690420      79.081702495633
100000024 000000006 200000093 200000094 200000095 200000096       0.0000 4504977.3029 -4504977.3029 -4504977.3029       0.0000 -4504977.3029 -4504977.3029 4504977.3029       0.0000  22376484.5290359408     242.951426045457      56.817312135110
100000025 000000007 200000097 200000098 200000099 200000100 -6371000.0000       0.0000       0.0000 -4504977.3029       0.0000 -4504977.3029 -4504977.3029 -4504977.3029       0.0000  13793858.1527242213     269.816076165528      62.005209438222
100000026 000000007 200000101 200000102 200000103 200000104       0.0000       0.0000 -6371000.0000       0.0000 -4504977.3029 -4504977.3029 -4504977.3029       0.0000 -4504977.3029  13793858.1530340239     184.664230558311      14.516157877695
100000027 000000007 200000105 200000106 200000107 200000108       0.0000 -6371000.0000       0.0000 -4504977.3029 -4504977.3029       0.0000       0.0000 -4504977.3029 -4504977.3029  13793858.1534816865     275.978374802089      63.878758161315
100000028 000000007 200000109 200000110 200000111 200000112 -4504977.3029       0.0000 -4504977.3029       0.0000 -4504977.3029 -4504977.3029 -4504977.3029 -4504977.3029       0.0000  22376484.5282785110     238.138469676730      58.097060740858
100000029 000000008 200000113 200000114 200000115 200000116       0.0000 -6371000.0000       0.0000       0.0000 -4504977.3029 -4504977.3029 4504977.3029 -4504977.3029       0.0000  13793858.1534816492     261.495291667669      87.954674154555
100000030 000000008 200000117 200000118 200000119 200000120       0.0000       0.0000 -6371000.0000 4504977.3029       0.0000 -4504977.3029       0.0000 -4504977.3029 -4504977.3029  13793858.1531259362     176.456380549904      15.386710917335
100000031 000000008 200000121 200000122 200000123 200000124 6371000.0000       0.0000       0.0000 4504977.3029 -4504977.3029       0.0000 4504977.3029       0.0000 -4504977.3029  13793858.1534816865     275.292255140863      64.744274428447
100000032 000000008 200000125 200000126 200000127 200000128       0.0000 -4504977.3029 -4504977.3029 4504977.3029       0.0000 -4504977.3029 4504977.3029 -4504977.3029       0.0000  22376484.5290359408     234.985135165648      61.000973848065
