200000001 100000001 300000001 300000002 300000003 300000004       0.0000       0.0000 6371000.0000 2438076.1476       0.0000 5886036.5016       0.0000 2438076.1476 5886036.5016   3210275.5092526884     225.675023447599     249.509406052720
200000002 100000001 300000005 300000006 300000007 300000008 4504977.3029       0.0000 4504977.3029 2600949.8585 2600949.8585 5201899.7171 2438076.1476       0.0000 5886036.5016   3425259.1202496416     236.789887724145     159.475791511754
200000003 100000001 300000009 300000010 300000011 300000012       0.0000 4504977.3029 4504977.3029       0.0000 2438076.1476 5886036.5016 2600949.8585 2600949.8585 5201899.7171   3425259.1202496416     240.897616056802     150.067800648881
200000004 100000001 300000013 300000014 300000015 300000016 2438076.1476       0.0000 5886036.5016 2600949.8585 2600949.8585 5201899.7171       0.0000 2438076.1476 5886036.5016   3733064.4033953245     232.207010749586     179.974528831566
200000005 100000002 300000017 300000018 300000019 300000020 6371000.0000       0.0000       0.0000 5886036.5016 2438076.1476       0.0000 5886036.5016       0.0000 2438076.1476   3210275.5094172969     233.707866087837     133.308319934886
200000006 100000002 300000021 300000022 300000023 300000024 4504977.3029 4504977.3029       0.0000 5201899.7171 2600949.8585 2600949.8585 5886036.5016 2438076.1476       0.0000   3425259.1202851152     247.877814833279     123.605634693974
200000007 100000002 300000025 300000026 300000027 300000028 4504977.3029       0.0000 4504977.3029 5886036.5016       0.0000 2438076.1476 5201899.7171 2600949.8585 2600949.8585   3425259.1202802844     286.890903085213     128.901763622635
200000008 100000002 300000029 300000030 300000031 300000032 5886036.5016 2438076.1476       0.0000 5201899.7171 2600949.8585 2600949.8585 5886036.5016       0.0000 2438076.1476   3733064.4034788366     272.181400339047     138.739639713618
200000009 100000003 300000033 300000034 300000035 300000036       0.0000 6371000.0000       0.0000       0.0000 5886036.5016 2438076.1476 2438076.1476 5886036.5016       0.0000   3210275.5094172969     218.155025303065     108.390111144584
200000010 100000003 300000037 300000038 300000039 300000040       0.0000 4504977.3029 4504977.3029 2600949.8585 5201899.7171 2600949.8585       0.0000 5886036.5016 2438076.1476   3425259.1202802844     254.327804557337     145.106163885247
200000011 100000003 300000041 300000042 300000043 300000044 4504977.3029 4504977.3029       0.0000 2438076.1476 5886036.5016       0.0000 2600949.8585 5201899.7171 2600949.8585   3425259.1202850975     250.385485968347      87.190890396376
200000012 100000003 300000045 300000046 300000047 300000048       0.0000 5886036.5016 2438076.1476 2600949.8585 5201899.7171 2600949.8585 2438076.1476 5886036.5016       0.0000   3733064.4034788725     224.813298867933     133.104602715354
200000013 100000004 300000049 300000050 300000051 300000052 4504977.3029       0.0000 4504977.3029 5201899.7171 2600949.8585 2600949.8585 2600949.8585 2600949.8585 5201899.7171   5358844.4235249758     262.174846986234     119.600491951595
200000014 100000004 300000053 300000054 300000055 300000056 4504977.3029 4504977.3029       0.0000 2600949.8585 5201899.7171 2600949.8585 5201899.7171 2600949.8585 2600949.8585   5358844.4235538710     289.378245504266     108.741310284126
200000015 100000004 300000057 300000058 300000059 300000060       0.0000 4504977.3029 4504977.3029 2600949.8585 2600949.8585 5201899.7171 2600949.8585 5201899.7171 2600949.8585   5358844.4235249944     271.240537678106     127.965734758226
200000016 100000004 300000061 300000062 300000063 300000064 5201899.7171 2600949.8585 2600949.8585 2600949.8585 5201899.7171 2600949.8585 2600949.8585 2600949.8585 5201899.7171   6299951.2584510250     295.910239064097     113.806329919512
200000017 100000005 300000065 300000066 300000067 300000068       0.0000       0.0000 6371000.0000       0.0000 2438076.1476 5886036.5016 -2438076.1476       0.0000 5886036.5016   3210275.5092526884     225.598619709013     272.266063069747
200000018 100000005 300000069 300000070 300000071 300000072       0.0000 4504977.3029 4504977.3029 -2600949.8585 2600949.8585 5201899.7171       0.0000 2438076.1476 5886036.5016   3425259.1202496053     234.383014099548     155.075810371875
200000019 100000005 300000073 300000074 300000075 300000076 -4504977.3029       0.0000 4504977.3029 -2438076.1476       0.0000 5886036.5016 -2600949.8585 2600949.8585 5201899.7171   3425259.1202496416     228.492339881982     183.847774315936
200000020 100000005 300000077 300000078 300000079 300000080       0.0000 2438076.1476 5886036.5016 -2600949.8585 2600949.8585 5201899.7171 -2438076.1476       0.0000 5886036.5016   3733064.4033953426     231.997092785538     174.947276459285
200000021 100000006 300000081 300000082 300000083 300000084       0.0000 6371000.0000       0.0000 -2438076.1476 5886036.5016       0.0000       0.0000 5886036.5016 2438076.1476   3210275.5094172969     206.820477606867     127.187170637583
200000022 100000006 300000085 300000086 300000087 300000088 -4504977.3029 4504977.3029       0.0000 -2600949.8585 5201899.7171 2600949.8585 -2438076.1476 5886036.5016       0.0000   3425259.1202851152     215.732490908206     113.398108405923
200000023 100000006 300000089 300000090 300000091 300000092       0.0000 4504977.3029 4504977.3029       0.0000 5886036.5016 2438076.1476 -2600949.8585 5201899.7171 2600949.8585   3425259.1202802844     225.873451293440     183.162961037421
200000024 100000006 300000093 300000094 300000095 300000096 -2438076.1476 5886036.5016       0.0000 -2600949.8585 5201899.7171 2600949.8585       0.0000 5886036.5016 2438076.1476   3733064.4034788366     216.201919889140     137.217713412854
200000025 100000007 300000097 300000098 300000099 300000100 -6371000.0000       0.0000       0.0000 -5886036.5016       0.0000 2438076.1476 -5886036.5016 2438076.1476       0.0000   3210275.5094172969     244.057436218291      87.368267908330
200000026 100000007 300000101 300000102 300000103 300000104 -4504977.3029       0.0000 4504977.3029 -5201899.7171 2600949.8585 2600949.8585 -5886036.5016       0.0000 2438076.1476   3425259.1202802844     245.129748034058     119.918259216634
200000027 100000007 300000105 300000106 300000107 300000108 -4504977.3029 4504977.3029       0.0000 -5886036.5016 2438076.1476       0.0000 -5201899.7171 2600949.8585 2600949.8585   3425259.1202851152     232.956173230404      95.788053888113
200000028 100000007 300000109 300000110 300000111 300000112 -5886036.5016       0.0000 2438076.1476 -5201899.7171 2600949.8585 2600949.8585 -5886036.5016 2438076.1476       0.0000   3733064.4034788003     260.120658368362      75.689268068269
200000029 100000008 300000113 300000114 300000115 300000116       0.0000 4504977.3029 4504977.3029 -2600949.8585 5201899.7171 2600949.8585 -2600949.8585 2600949.8585 5201899.7171   5358844.4235249758     241.043952632100     151.068484591461
200000030 100000008 300000117 300000118 300000119 300000120 -4504977.3029 4504977.3029       0.0000 -5201899.7171 2600949.8585 2600949.8585 -2600949.8585 5201899.7171 2600949.8585   5358844.4235538710     242.391801923600      91.788638132722
200000031 100000008 300000121 300000122 300000123 300000124 -4504977.3029       0.0000 4504977.3029 -2600949.8585 2600949.8585 5201899.7171 -5201899.7171 2600949.8585 2600949.8585   5358844.4235249944     229.714705651099     177.958986505061
200000032 100000008 300000125 300000126 300000127 300000128 -2600949.8585 5201899.7171 2600949.8585 -5201899.7171 2600949.8585 2600949.8585 -2600949.8585 2600949.8585 5201899.7171   6299951.2584510613     231.437855698088     153.025422745659
200000033 100000009 300000129 300000130 300000131 300000132       0.0000       0.0000 6371000.0000 -2438076.1476       0.0000 5886036.5016       0.0000 -2438076.1476 5886036.5016   3210275.5092476774     226.697421556113     277.910515708248
200000034 100000009 300000133 300000134 300000135 300000136 -4504977.3029       0.0000 4504977.3029 -2600949.8585 -2600949.8585 5201899.7171 -2438076.1476       0.0000 5886036.5016   3425259.1200978314     226.462932688492     182.296485258423
200000035 100000009 300000137 300000138 300000139 300000140       0.0000 -4504977.3029 4504977.3029       0.0000 -2438076.1476 5886036.5016 -2600949.8585 -2600949.8585 5201899.7171   3425259.1202496053     232.606284604815     157.983587074140
200000036 100000009 300000141 300000142 300000143 300000144 -2438076.1476       0.0000 5886036.5016 -2600949.8585 -2600949.8585 5201899.7171       0.0000 -2438076.1476 5886036.5016   3733064.4032572322     230.728998868193     177.678637756075
200000037 100000010 300000145 300000146 300000147 300000148 -6371000.0000       0.0000       0.0000 -5886036.5016 -2438076.1476       0.0000 -5886036.5016       0.0000 2438076.1476   3210275.5090856110     252.744444958023      82.983033442136
200000038 100000010 300000149 300000150 300000151 300000152 -4504977.3029 -4504977.3029       0.0000 -5201899.7171 -2600949.8585 2600949.8585 -5886036.5016 -2438076.1476       0.0000   3425259.1202851152     261.529604621309      84.178745683857
200000039 100000010 300000153 300000154 300000155 300000156 -4504977.3029       0.0000 4504977.3029 -5886036.5016       0.0000 2438076.1476 -5201899.7171 -2600949.8585 2600949.8585   3425259.1199850640     252.893956950875     108.936830639587
200000040 100000010 300000157 300000158 300000159 300000160 -5886036.5016 -2438076.1476       0.0000 -5201899.7171 -2600949.8585 2600949.8585 -5886036.5016       0.0000 2438076.1476   3733064.4031454204     266.701957542346      76.279736418364
200000041 100000011 300000161 300000162 300000163 300000164       0.0000 -6371000.0000       0.0000       0.0000 -5886036.5016 2438076.1476 -2438076.1476 -5886036.5016       0.0000   3210275.5094172969     234.237984554125     113.700252023124
200000042 100000011 300000165 300000166 300000167 300000168       0.0000 -4504977.3029 4504977.3029 -2600949.8585 -5201899.7171 2600949.8585       0.0000 -5886036.5016 2438076.1476   3425259.1202802844     264.138653830538     113.384748436423
200000043 100000011 300000169 300000170 300000171 300000172 -4504977.3029 -4504977.3029       0.0000 -2438076.1476 -5886036.5016       0.0000 -2600949.8585 -5201899.7171 2600949.8585   3425259.1202851152     262.027959867010      94.427310255034
200000044 100000011 300000173 300000174 300000175 300000176       0.0000 -5886036.5016 2438076.1476 -2600949.8585 -5201899.7171 2600949.8585 -2438076.1476 -5886036.5016       0.0000   3733064.4034788725     247.216906556361     107.031346833379
200000045 100000012 300000177 300000178 300000179 300000180 -4504977.3029       0.0000 4504977.3029 -5201899.7171 -2600949.8585 2600949.8585 -2600949.8585 -2600949.8585 5201899.7171   5358844.4231734620     233.202656132617     169.013301254050
200000046 100000012 300000181 300000182 300000183 300000184 -4504977.3029 -4504977.3029       0.0000 -2600949.8585 -5201899.7171 2600949.8585 -5201899.7171 -2600949.8585 2600949.8585   5358844.4235538710     270.037737268254     106.926296024502
200000047 100000012 300000185 300000186 300000187 300000188       0.0000 -4504977.3029 4504977.3029 -2600949.8585 -2600949.8585 5201899.7171 -2600949.8585 -5201899.7171 2600949.8585   5358844.4235249944     254.602578175230     131.178115715098
200000048 100000012 300000189 300000190 300000191 300000192 -5201899.7171 -2600949.8585 2600949.8585 -2600949.8585 -5201899.7171 2600949.8585 -2600949.8585 -2600949.8585 5201899.7171   6299951.2584510613     258.705107846945     131.831962426982
200000049 100000013 300000193 300000194 300000195 300000196       0.0000       0.0000 6371000.0000       0.0000 -2438076.1476 5886036.5016 2438076.1476       0.0000 5886036.5016   3210275.5092526884     223.898230634029     266.181042453593
200000050 100000013 300000197 300000198 300000199 300000200       0.0000 -4504977.3029 4504977.3029 2600949.8585 -2600949.8585 5201899.7171       0.0000 -2438076.1476 5886036.5016   3425259.1202496053     228.004274732473     179.580102379321
200000051 100000013 300000201 300000202 300000203 300000204 4504977.3029       0.0000 4504977.3029 2438076.1476       0.0000 5886036.5016 2600949.8585 -2600949.8585 5201899.7171   3425259.1202496234     231.699189469959     170.989455249109
200000052 100000013 300000205 300000206 300000207 300000208       0.0000 -2438076.1476 5886036.5016 2600949.8585 -2600949.8585 5201899.7171 2438076.1476       0.0000 5886036.5016   3733064.4033953790     222.750967073653     222.125822217579
200000053 100000014 300000209 300000210 300000211 300000212       0.0000 -6371000.0000       0.0000 2438076.1476 -5886036.5016       0.0000       0.0000 -5886036.5016 2438076.1476   3210275.5094173145     219.635052081274     136.220058866899
200000054 100000014 300000213 300000214 300000215 300000216 4504977.3029 -4504977.3029       0.0000 2600949.8585 -5201899.7171 2600949.8585 2438076.1476 -5886036.5016       0.0000   3425259.1202851334     240.208245368573     103.799556641511
200000055 100000014 300000217 300000218 300000219 300000220       0.0000 -4504977.3029 4504977.3029       0.0000 -5886036.5016 2438076.1476 2600949.8585 -5201899.7171 2600949.8585   3425259.1202802304     249.640132118165     114.796576501427
200000056 100000014 300000221 300000222 300000223 300000224 2438076.1476 -5886036.5016       0.0000 2600949.8585 -5201899.7171 2600949.8585       0.0000 -5886036.5016 2438076.1476   3733064.4034788003     240.657666023362     102.802506940406
200000057 100000015 300000225 300000226 300000227 300000228 6371000.0000       0.0000       0.0000 5886036.5016       0.0000 2438076.1476 5886036.5016 -2438076.1476       0.0000   3210275.5094172969     245.803725461799     119.433726489051
200000058 100000015 300000229 300000230 300000231 300000232 4504977.3029       0.0000 4504977.3029 5201899.7171 -2600949.8585 2600949.8585 5886036.5016       0.0000 2438076.1476   3425259.1202802844     282.078710615353     110.045097650700
200000059 100000015 300000233 300000234 300000235 300000236 4504977.3029 -4504977.3029       0.0000 5886036.5016 -2438076.1476       0.0000 5201899.7171 -2600949.8585 2600949.8585   3425259.1202850975     257.688568601910      90.644101101163
200000060 100000015 300000237 300000238 300000239 300000240 5886036.5016       0.0000 2438076.1476 5201899.7171 -2600949.8585 2600949.8585 5886036.5016 -2438076.1476       0.0000   3733064.4034788725     265.511119915372     112.943400384803
200000061 100000016 300000241 300000242 300000243 300000244       0.0000 -4504977.3029 4504977.3029 2600949.8585 -5201899.7171 2600949.8585 2600949.8585 -2600949.8585 5201899.7171   5358844.4235249581     240.247456078680     140.045053020475
200000062 100000016 300000245 300000246 300000247 300000248 4504977.3029 -4504977.3029       0.0000 5201899.7171 -2600949.8585 2600949.8585 2600949.8585 -5201899.7171 2600949.8585   5358844.4235538710     267.365388803767      80.287299673112
200000063 100000016 300000249 300000250 300000251 300000252 4504977.3029       0.0000 4504977.3029 2600949.8585 -2600949.8585 5201899.7171 5201899.7171 -2600949.8585 2600949.8585   5358844.4235249944     249.367110128855     133.504742501587
200000064 100000016 300000253 300000254 300000255 300000256 2600949.8585 -5201899.7171 2600949.8585 5201899.7171 -2600949.8585 2600949.8585 2600949.8585 -2600949.8585 5201899.7171   6299951.2584510250     254.661938623847     107.068655650861
200000065 100000017 300000257 300000258 300000259 300000260 6371000.0000       0.0000       0.0000 5886036.5016       0.0000 -2438076.1476 5886036.5016 2438076.1476       0.0000   3210275.5094172969     278.295508060315      87.947121425649
200000066 100000017 300000261 300000262 300000263 300000264 4504977.3029       0.0000 -4504977.3029 5201899.7171 2600949.8585 -2600949.8585 5886036.5016       0.0000 -2438076.1476   3425259.1202802844     256.422740318712      58.057239906275
200000067 100000017 300000265 300000266 300000267 300000268 4504977.3029 4504977.3029       0.0000 5886036.5016 2438076.1476       0.0000 5201899.7171 2600949.8585 -2600949.8585   3425259.1202851152     273.140934442090      77.949829644885
200000068 100000017 300000269 300000270 300000271 300000272 5886036.5016       0.0000 -2438076.1476 5201899.7171 2600949.8585 -2600949.8585 5886036.5016 2438076.1476       0.0000   3733064.4034788366     283.933155483702      62.219397450502
200000069 100000018 300000273 300000274 300000275 300000276       0.0000       0.0000 -6371000.0000       0.0000 2438076.1476 -5886036.5016 2438076.1476       0.0000 -5886036.5016   3210275.5092526884     123.009995261716       0.000026489609
200000070 100000018 300000277 300000278 300000279 300000280       0.0000 4504977.3029 -4504977.3029 2600949.8585 2600949.8585 -5201899.7171       0.0000 2438076.1476 -5886036.5016   3425259.1202496416     191.680271386588      21.332244303771
200000071 100000018 300000281 300000282 300000283 300000284 4504977.3029       0.0000 -4504977.3029 2438076.1476       0.0000 -5886036.5016 2600949.8585 2600949.8585 -5201899.7171   3425259.1202496416     191.613136047718      21.491868734238
200000072 100000018 300000285 300000286 300000287 300000288       0.0000 2438076.1476 -5886036.5016 2600949.8585 2600949.8585 -5201899.7171 2438076.1476       0.0000 -5886036.5016   3733064.4033953245     169.131079747197       3.442593652255
200000073 100000019 300000289 300000290 300000291 300000292       0.0000 6371000.0000       0.0000 2438076.1476 5886036.5016       0.0000       0.0000 5886036.5016 -2438076.1476   3210275.5094172969     245.293608010462      82.861776878925
200000074 100000019 300000293 300000294 300000295 300000296 4504977.3029 4504977.3029       0.0000 2600949.8585 5201899.7171 -2600949.8585 2438076.1476 5886036.5016       0.0000   3425259.1202851152     262.545232927881      70.766956655315
200000075 100000019 300000297 300000298 300000299 300000300       0.0000 4504977.3029 -4504977.3029       0.0000 5886036.5016 -2438076.1476 2600949.8585 5201899.7171 -2600949.8585   3425259.1202802844     258.774726621770      57.699672665891
200000076 100000019 300000301 300000302 300000303 300000304 2438076.1476 5886036.5016       0.0000 2600949.8585 5201899.7171 -2600949.8585       0.0000 5886036.5016 -2438076.1476   3733064.4034788907     276.021318546455      62.791951980531
200000077 100000020 300000305 300000306 300000307 300000308 4504977.3029       0.0000 -4504977.3029 2600949.8585 2600949.8585 -5201899.7171 5201899.7171 2600949.8585 -2600949.8585   5358844.4235249944     221.643225683713      49.055181932774
200000078 100000020 300000309 300000310 300000311 300000312       0.0000 4504977.3029 -4504977.3029 2600949.8585 5201899.7171 -2600949.8585 2600949.8585 2600949.8585 -5201899.7171   5358844.4235249944     223.989029717832      50.582668011714
200000079 100000020 300000313 300000314 300000315 300000316 4504977.3029 4504977.3029       0.0000 5201899.7171 2600949.8585 -2600949.8585 2600949.8585 5201899.7171 -2600949.8585   5358844.4235538710     285.730454772859      58.878629996696
200000080 100000020 300000317 300000318 300000319 300000320 2600949.8585 2600949.8585 -5201899.7171 2600949.8585 5201899.7171 -2600949.8585 5201899.7171 2600949.8585 -2600949.8585   6299951.2584510436     248.989637631355      52.302792012629
200000081 100000021 300000321 300000322 300000323 300000324       0.0000 6371000.0000       0.0000       0.0000 5886036.5016 -2438076.1476 -2438076.1476 5886036.5016       0.0000   3210275.5094172969     244.535929456575      85.935857394888
200000082 100000021 300000325 300000326 300000327 300000328       0.0000 4504977.3029 -4504977.3029 -2600949.8585 5201899.7171 -2600949.8585       0.0000 5886036.5016 -2438076.1476   3425259.1202802844     256.195230738693      59.155034244103
200000083 100000021 300000329 300000330 300000331 300000332 -4504977.3029 4504977.3029       0.0000 -2438076.1476 5886036.5016       0.0000 -2600949.8585 5201899.7171 -2600949.8585   3425259.1202851152     258.377838844299      75.321232972996
200000084 100000021 300000333 300000334 300000335 300000336       0.0000 5886036.5016 -2438076.1476 -2600949.8585 5201899.7171 -2600949.8585 -2438076.1476 5886036.5016       0.0000   3733064.4034788366     272.171269374911      65.767805778829
200000085 100000022 300000337 300000338 300000339 300000340       0.0000       0.0000 -6371000.0000 -2438076.1476       0.0000 -5886036.5016       0.0000 2438076.1476 -5886036.5016   3210275.5092526884     129.836818598688       0.000027314552
200000086 100000022 300000341 300000342 300000343 300000344 -4504977.3029       0.0000 -4504977.3029 -2600949.8585 2600949.8585 -5201899.7171 -2438076.1476       0.0000 -5886036.5016   3425259.1202496416     200.046875734828      20.900143738494
200000087 100000022 300000345 300000346 300000347 300000348       0.0000 4504977.3029 -4504977.3029       0.0000 2438076.1476 -5886036.5016 -2600949.8585 2600949.8585 -5201899.7171   3425259.1202496234     193.223905641970      21.146783127084
200000088 100000022 300000349 300000350 300000351 300000352 -2438076.1476       0.0000 -5886036.5016 -2600949.8585 2600949.8585 -5201899.7171       0.0000 2438076.1476 -5886036.5016   3733064.4033953426     165.436178368790       3.513243993606
200000089 100000023 300000353 300000354 300000355 300000356 -6371000.0000       0.0000       0.0000 -5886036.5016 2438076.1476       0.0000 -5886036.5016       0.0000 -2438076.1476   3210275.5094172969     245.777662975851      78.338016956854
200000090 100000023 300000357 300000358 300000359 300000360 -4504977.3029 4504977.3029       0.0000 -5201899.7171 2600949.8585 -2600949.8585 -5886036.5016 2438076.1476       0.0000   3425259.1202851152     237.091689695896      96.251072202679
200000091 100000023 300000361 300000362 300000363 300000364 -4504977.3029       0.0000 -4504977.3029 -5886036.5016       0.0000 -2438076.1476 -5201899.7171 2600949.8585 -2600949.8585   3425259.1202802667     243.345330025999      61.084487152699
200000092 100000023 300000365 300000366 300000367 300000368 -5886036.5016 2438076.1476       0.0000 -5201899.7171 2600949.8585 -2600949.8585 -5886036.5016       0.0000 -2438076.1476   3733064.4034788185     249.244693428912      80.181759860951
200000093 100000024 300000369 300000370 300000371 300000372       0.0000 4504977.3029 -4504977.3029 -2600949.8585 2600949.8585 -5201899.7171 -2600949.8585 5201899.7171 -2600949.8585   5358844.4235249944     223.793752536752      49.809785438544
200000094 100000024 300000373 300000374 300000375 300000376 -4504977.3029       0.0000 -4504977.3029 -5201899.7171 2600949.8585 -2600949.8585 -2600949.8585 2600949.8585 -5201899.7171   5358844.4235249758     226.750445460263      47.836503652353
200000095 100000024 300000377 300000378 300000379 300000380 -4504977.3029 4504977.3029       0.0000 -2600949.8585 5201899.7171 -2600949.8585 -5201899.7171 2600949.8585 -2600949.8585   5358844.4235538710     271.375470758599      67.400889149352
200000096 100000024 300000381 300000382 300000383 300000384 -2600949.8585 2600949.8585 -5201899.7171 -5201899.7171 2600949.8585 -2600949.8585 -2600949.8585 5201899.7171 -2600949.8585   6299951.2584510613     240.714779576947      55.979770900827
200000097 100000025 300000385 300000386 300000387 300000388 -6371000.0000       0.0000       0.0000 -5886036.5016       0.0000 -2438076.1476 -5886036.5016 -2438076.1476       0.0000   3210275.5090856110     263.741777696942      66.201750027353
200000098 100000025 300000389 300000390 300000391 300000392 -4504977.3029       0.0000 -4504977.3029 -5201899.7171 -2600949.8585 -2600949.8585 -5886036.5016       0.0000 -2438076.1476   3425259.1199850640     238.653407510176      63.784484697041
200000099 100000025 300000393 300000394 300000395 300000396 -4504977.3029 -4504977.3029       0.0000 -5886036.5016 -2438076.1476       0.0000 -5201899.7171 -2600949.8585 -2600949.8585   3425259.1202851152     283.318848124321      56.271928024886
200000100 100000025 300000397 300000398 300000399 300000400 -5886036.5016       0.0000 -2438076.1476 -5201899.7171 -2600949.8585 -2600949.8585 -5886036.5016 -2438076.1476       0.0000   3733064.4031454022     266.281500273533      65.312248452948
200000101 100000026 300000401 300000402 300000403 300000404       0.0000       0.0000 -6371000.0000       0.0000 -2438076.1476 -5886036.5016 -2438076.1476       0.0000 -5886036.5016   3210275.5092476774     156.728431968438       0.000019986802
200000102 100000026 300000405 300000406 300000407 300000408       0.0000 -4504977.3029 -4504977.3029 -2600949.8585 -2600949.8585 -5201899.7171       0.0000 -2438076.1476 -5886036.5016   3425259.1202496053     203.924076310155      20.343757501286
200000103 100000026 300000409 300000410 300000411 300000412 -4504977.3029       0.0000 -4504977.3029 -2438076.1476       0.0000 -5886036.5016 -2600949.8585 -2600949.8585 -5201899.7171   3425259.1200978495     202.711733446316      20.447432840460
200000104 100000026 300000413 300000414 300000415 300000416       0.0000 -2438076.1476 -5886036.5016 -2600949.8585 -2600949.8585 -5201899.7171 -2438076.1476       0.0000 -5886036.5016   3733064.4032572140     185.262003907919       3.328672413366
200000105 100000027 300000417 300000418 300000419 300000420       0.0000 -6371000.0000       0.0000 -2438076.1476 -5886036.5016       0.0000       0.0000 -5886036.5016 -2438076.1476   3210275.5094172969     283.361091448647      68.068843235037
200000106 100000027 300000421 300000422 300000423 300000424 -4504977.3029 -4504977.3029       0.0000 -2600949.8585 -5201899.7171 -2600949.8585 -2438076.1476 -5886036.5016       0.0000   3425259.1202851152     292.309686734388      53.418486509335
200000107 100000027 300000425 300000426 300000427 300000428       0.0000 -4504977.3029 -4504977.3029       0.0000 -5886036.5016 -2438076.1476 -2600949.8585 -5201899.7171 -2600949.8585   3425259.1202802667     242.333000607200      63.089069002185
200000108 100000027 300000429 300000430 300000431 300000432 -2438076.1476 -5886036.5016       0.0000 -2600949.8585 -5201899.7171 -2600949.8585       0.0000 -5886036.5016 -2438076.1476   3733064.4034788366     284.330789047586      59.452267438864
200000109 100000028 300000433 300000434 300000435 300000436 -4504977.3029       0.0000 -4504977.3029 -2600949.8585 -2600949.8585 -5201899.7171 -5201899.7171 -2600949.8585 -2600949.8585   5358844.4231734443     223.905983349781      49.690615297197
200000110 100000028 300000437 300000438 300000439 300000440       0.0000 -4504977.3029 -4504977.3029 -2600949.8585 -5201899.7171 -2600949.8585 -2600949.8585 -2600949.8585 -5201899.7171   5358844.4235249944     219.764494624014      51.738861213375
200000111 100000028 300000441 300000442 300000443 300000444 -4504977.3029 -4504977.3029       0.0000 -5201899.7171 -2600949.8585 -2600949.8585 -2600949.8585 -5201899.7171 -2600949.8585   5358844.4235538710     277.608650463242      58.292282966317
200000112 100000028 300000445 300000446 300000447 300000448 -2600949.8585 -2600949.8585 -5201899.7171 -2600949.8585 -5201899.7171 -2600949.8585 -5201899.7171 -2600949.8585 -2600949.8585   6299951.2584510613     226.898201385813      62.599201226104
200000113 100000029 300000449 300000450 300000451 300000452       0.0000 -6371000.0000       0.0000       0.0000 -5886036.5016 -2438076.1476 2438076.1476 -5886036.5016       0.0000   3210275.5094173145     264.838749701154     104.650545132099
200000114 100000029 300000453 300000454 300000455 300000456       0.0000 -4504977.3029 -4504977.3029 2600949.8585 -5201899.7171 -2600949.8585       0.0000 -5886036.5016 -2438076.1476   3425259.1202802304     245.896113044458      64.305312893195
200000115 100000029 300000457 300000458 300000459 300000460 4504977.3029 -4504977.3029       0.0000 2438076.1476 -5886036.5016       0.0000 2600949.8585 -5201899.7171 -2600949.8585   3425259.1202851334     261.086451009255      84.741223740994
200000116 100000029 300000461 300000462 300000463 300000464       0.0000 -5886036.5016 -2438076.1476 2600949.8585 -5201899.7171 -2600949.8585 2438076.1476 -5886036.5016       0.0000   3733064.4034788185     263.967428145050      91.673863488113
200000117 100000030 300000465 300000466 300000467 300000468       0.0000       0.0000 -6371000.0000 2438076.1476       0.0000 -5886036.5016       0.0000 -2438076.1476 -5886036.5016   3210275.5092526884     151.990203819967       0.000020191499
200000118 100000030 300000469 300000470 300000471 300000472 4504977.3029       0.0000 -4504977.3029 2600949.8585 -2600949.8585 -5201899.7171 2438076.1476       0.0000 -5886036.5016   3425259.1202496053     191.563483729767      21.668864540631
200000119 100000030 300000473 300000474 300000475 300000476       0.0000 -4504977.3029 -4504977.3029       0.0000 -2438076.1476 -5886036.5016 2600949.8585 -2600949.8585 -5201899.7171   3425259.1202496053     200.335968143435      20.174063704649
200000120 100000030 300000477 300000478 300000479 300000480 2438076.1476       0.0000 -5886036.5016 2600949.8585 -2600949.8585 -5201899.7171       0.0000 -2438076.1476 -5886036.5016   3733064.4033953608     176.000673298767       3.571900288265
200000121 100000031 300000481 300000482 300000483 300000484 6371000.0000       0.0000       0.0000 5886036.5016 -2438076.1476       0.0000 5886036.5016       0.0000 -2438076.1476   3210275.5094172969     287.665812311262      63.664929588373
200000122 100000031 300000485 300000486 300000487 300000488 4504977.3029 -4504977.3029       0.0000 5201899.7171 -2600949.8585 -2600949.8585 5886036.5016 -2438076.1476       0.0000   3425259.1202851152     280.065056204110      64.030924641710
200000123 100000031 300000489 300000490 300000491 300000492 4504977.3029       0.0000 -4504977.3029 5886036.5016       0.0000 -2438076.1476 5201899.7171 -2600949.8585 -2600949.8585   3425259.1202802667     248.682016627527      60.211992913970
200000124 100000031 300000493 300000494 300000495 300000496 5886036.5016 -2438076.1476       0.0000 5201899.7171 -2600949.8585 -2600949.8585 5886036.5016       0.0000 -2438076.1476   3733064.4034788907     285.381807309040      57.751380604275
200000125 100000032 300000497 300000498 300000499 300000500       0.0000 -4504977.3029 -4504977.3029 2600949.8585 -2600949.8585 -5201899.7171 2600949.8585 -5201899.7171 -2600949.8585   5358844.4235249581     216.839514328342      49.309556183028
200000126 100000032 300000501 300000502 300000503 300000504 4504977.3029       0.0000 -4504977.3029 5201899.7171 -2600949.8585 -2600949.8585 2600949.8585 -2600949.8585 -5201899.7171   5358844.4235249758     216.860508156443      51.716787923514
200000127 100000032 300000505 300000506 300000507 300000508 4504977.3029 -4504977.3029       0.0000 2600949.8585 -5201899.7171 -2600949.8585 5201899.7171 -2600949.8585 -2600949.8585   5358844.4235538710     273.574753508653      68.565601654122
200000128 100000032 300000509 300000510 300000511 300000512 2600949.8585 -2600949.8585 -5201899.7171 5201899.7171 -2600949.8585 -2600949.8585 2600949.8585 -5201899.7171 -2600949.8585   6299951.2584510436     232.592922514214      60.975820691391
